tRNA	1_DEL13080_R1_17to51__tRNA.txt	2_DEL13080_R1_17to51__tRNA.txt	3_DEL13080_R1_17to51__tRNA.txt	4_DEL13080_R1_17to51__tRNA.txt	5_DEL13080_R1_17to51__tRNA.txt	6_DEL13080_R1_17to51__tRNA.txt	7_DEL13080_R1_17to51__tRNA.txt	8_DEL13080_R1_17to51__tRNA.txt	9_DEL13080_R1_17to51__tRNA.txt	10_DEL13080_R1_17to51__tRNA.txt	11_DEL13080_R1_17to51__tRNA.txt	12_DEL13080_R1_17to51__tRNA.txt	13_DEL13080_R1_17to51__tRNA.txt	14_DEL13080_R1_17to51__tRNA.txt	15_DEL13080_R1_17to51__tRNA.txt	16_DEL13080_R1_17to51__tRNA.txt	17_DEL13080_R1_17to51__tRNA.txt	18_DEL13080_R1_17to51__tRNA.txt	19_DEL13080_R1_17to51__tRNA.txt	20_DEL13080_R1_17to51__tRNA.txt	21_DEL13080_R1_17to51__tRNA.txt	22_DEL13080_R1_17to51__tRNA.txt	23_DEL13080_R1_17to51__tRNA.txt	24_DEL13080_R1_17to51__tRNA.txt	25_DEL13080_R1_17to51__tRNA.txt	26_DEL13080_R1_17to51__tRNA.txt	27_DEL13080_R1_17to51__tRNA.txt	28_DEL13080_R1_17to51__tRNA.txt	29_DEL13080_R1_17to51__tRNA.txt	30_DEL13080_R1_17to51__tRNA.txt	31_DEL13080_R1_17to51__tRNA.txt	32_DEL13080_R1_17to51__tRNA.txt	33_DEL13080_R1_17to51__tRNA.txt	34_DEL13080_R1_17to51__tRNA.txt	35_DEL13080_R1_17to51__tRNA.txt	36_DEL13080_R1_17to51__tRNA.txt	37_DEL13080_R1_17to51__tRNA.txt	38_DEL13080_R1_17to51__tRNA.txt	39_DEL13080_R1_17to51__tRNA.txt	40_DEL13080_R1_17to51__tRNA.txt	
chr11.trna4	5.0	1.0	8.0	7.0	5.0	13.0	9.0	34.0	2.0	2.0	6.0	6.0	6.0	20.0	2.0	4.0	4.0	6.0	9.0	6.0	3.0	2.0	1.0	6.0	2.0	6.0	8.0	2.0	5.0	2.0	7.0	5.0	6.0	8.0	7.0	13.0	7.0	7.0	2.0	0.0	
chr11.trna5	1.0	1.0	0.0	1.0	1.0	1.0	0.0	0.0	1.0	0.0	1.0	0.0	0.0	0.0	0.0	0.0	0.0	0.0	8.0	0.0	1.0	5.0	0.0	1.0	2.0	0.0	5.0	0.0	0.0	1.0	0.0	0.0	0.0	0.0	2.0	0.0	3.0	2.0	0.0	0.0	
chr11.trna2	0.0	0.0	0.0	0.0	0.0	0.0	0.0	0.0	0.0	0.0	0.0	0.0	0.0	0.0	0.0	1.0	0.0	0.0	0.0	0.0	0.0	0.0	0.0	0.0	0.0	0.0	0.0	0.0	0.0	0.0	0.0	0.0	0.0	0.0	0.0	0.0	0.0	0.0	0.0	0.0	
chr11.trna3	0.0	0.0	0.0	0.0	0.0	0.0	0.0	0.0	0.0	0.0	0.0	0.0	0.0	0.0	0.0	0.0	0.0	0.0	0.0	1.0	0.0	0.0	0.0	1.0	0.0	1.0	0.0	0.0	0.0	0.0	0.0	0.0	0.0	0.0	0.0	0.0	1.0	0.0	0.0	0.0	
chr11.trna8	0.0	0.0	0.0	0.0	0.0	0.0	0.0	0.0	0.0	0.0	0.0	1.0	0.0	0.0	0.0	0.0	0.0	0.0	0.0	0.0	0.0	0.0	0.0	0.0	0.0	0.0	0.0	0.0	0.0	0.0	0.0	0.0	0.0	1.0	0.0	0.0	0.0	0.0	0.0	0.0	
chr11.trna6	29.0	18.0	21.0	25.0	15.0	26.0	24.0	24.0	20.0	8.0	18.0	6.0	15.0	27.0	14.0	14.0	11.0	7.0	14.0	20.0	10.0	12.0	19.0	30.0	14.0	25.0	26.0	14.0	5.0	11.0	19.0	16.0	13.0	16.0	8.0	24.0	19.0	13.0	17.0	13.0	
chr11.trna7	0.0	0.0	0.0	0.0	0.0	0.0	0.0	0.0	0.0	0.0	0.0	0.0	0.0	0.0	0.0	0.0	0.0	0.0	0.0	0.0	0.0	0.0	0.0	0.0	0.0	0.0	0.0	0.0	0.0	0.0	0.0	0.0	0.0	0.0	1.0	0.0	0.0	0.0	0.0	0.0	
chr7.trna28	0.0	0.0	0.0	0.0	0.0	0.0	0.0	0.0	0.0	0.0	0.0	0.0	0.0	0.0	0.0	0.0	0.0	0.0	0.0	0.0	1.0	0.0	0.0	1.0	0.0	0.0	0.0	0.0	0.0	0.0	0.0	0.0	1.0	0.0	0.0	0.0	0.0	0.0	0.0	0.0	
chr7.trna27	0.0	0.0	0.0	0.0	0.0	0.0	0.0	1.0	0.0	0.0	0.0	0.0	1.0	0.0	0.0	1.0	0.0	0.0	0.0	0.0	0.0	0.0	0.0	1.0	0.0	0.0	0.0	0.0	0.0	0.0	0.0	0.0	1.0	0.0	1.0	0.0	0.0	0.0	0.0	0.0	
chr7.trna26	0.0	0.0	0.0	0.0	0.0	0.0	0.0	0.0	0.0	0.0	0.0	0.0	0.0	0.0	0.0	0.0	0.0	0.0	0.0	0.0	0.0	0.0	0.0	1.0	0.0	0.0	0.0	0.0	0.0	0.0	0.0	0.0	1.0	0.0	0.0	0.0	0.0	0.0	0.0	0.0	
chr7.trna25	0.0	0.0	0.0	0.0	0.0	0.0	0.0	0.0	0.0	0.0	0.0	0.0	0.0	0.0	0.0	0.0	0.0	0.0	0.0	0.0	0.0	0.0	0.0	1.0	0.0	0.0	0.0	0.0	0.0	0.0	0.0	0.0	1.0	0.0	0.0	0.0	0.0	0.0	0.0	0.0	
chr7.trna29	0.0	0.0	0.0	0.0	0.0	0.0	0.0	0.0	0.0	0.0	0.0	0.0	0.0	0.0	0.0	0.0	0.0	0.0	0.0	0.0	0.0	0.0	0.0	1.0	0.0	0.0	0.0	0.0	0.0	0.0	0.0	0.0	1.0	0.0	0.0	0.0	0.0	0.0	0.0	0.0	
chr7.trna20	1.0	0.0	0.0	0.0	0.0	0.0	0.0	0.0	2.0	0.0	1.0	1.0	0.0	0.0	0.0	1.0	0.0	0.0	1.0	1.0	0.0	0.0	0.0	1.0	0.0	1.0	1.0	0.0	0.0	0.0	1.0	1.0	0.0	0.0	0.0	0.0	1.0	2.0	1.0	0.0	
chr7.trna24	3.0	4.0	27.0	12.0	12.0	13.0	2.0	4.0	3.0	11.0	15.0	10.0	8.0	11.0	4.0	17.0	26.0	10.0	41.0	5.0	10.0	2.0	12.0	14.0	13.0	2.0	10.0	19.0	0.0	7.0	5.0	6.0	20.0	16.0	36.0	4.0	18.0	12.0	17.0	14.0	
chr7.trna23	0.0	0.0	0.0	0.0	0.0	0.0	0.0	0.0	0.0	0.0	0.0	0.0	0.0	0.0	0.0	0.0	0.0	0.0	0.0	0.0	0.0	0.0	1.0	1.0	0.0	0.0	1.0	0.0	0.0	0.0	0.0	0.0	0.0	0.0	0.0	0.0	0.0	0.0	0.0	0.0	
chr7.trna22	0.0	0.0	0.0	0.0	0.0	0.0	0.0	0.0	0.0	0.0	0.0	0.0	0.0	0.0	0.0	0.0	0.0	0.0	0.0	0.0	0.0	0.0	0.0	1.0	0.0	0.0	1.0	0.0	0.0	0.0	0.0	0.0	0.0	0.0	0.0	0.0	0.0	0.0	0.0	0.0	
chr7.trna21	0.0	0.0	0.0	0.0	0.0	0.0	0.0	0.0	0.0	0.0	0.0	0.0	0.0	0.0	0.0	0.0	0.0	1.0	0.0	0.0	0.0	0.0	0.0	1.0	0.0	0.0	1.0	0.0	0.0	0.0	0.0	0.0	0.0	0.0	0.0	0.0	0.0	0.0	0.0	0.0	
chr7.trna15	0.0	0.0	0.0	1.0	0.0	0.0	0.0	0.0	0.0	0.0	0.0	0.0	0.0	0.0	0.0	0.0	0.0	0.0	0.0	0.0	0.0	0.0	0.0	0.0	0.0	0.0	1.0	0.0	0.0	0.0	0.0	0.0	0.0	0.0	0.0	0.0	0.0	0.0	1.0	0.0	
chr7.trna14	0.0	0.0	0.0	0.0	0.0	0.0	0.0	0.0	0.0	0.0	0.0	0.0	0.0	0.0	0.0	0.0	0.0	0.0	0.0	0.0	0.0	0.0	0.0	0.0	0.0	0.0	0.0	0.0	0.0	0.0	0.0	0.0	0.0	0.0	0.0	0.0	0.0	0.0	1.0	0.0	
chr7.trna19	0.0	0.0	0.0	0.0	0.0	0.0	0.0	0.0	1.0	0.0	0.0	0.0	0.0	0.0	0.0	0.0	0.0	0.0	0.0	0.0	0.0	0.0	0.0	0.0	0.0	0.0	1.0	0.0	0.0	0.0	0.0	0.0	0.0	1.0	1.0	0.0	0.0	0.0	0.0	0.0	
chr7.trna13	1.0	0.0	0.0	0.0	0.0	1.0	0.0	0.0	0.0	0.0	0.0	0.0	0.0	1.0	0.0	0.0	0.0	0.0	0.0	0.0	0.0	1.0	0.0	0.0	0.0	0.0	0.0	0.0	0.0	0.0	0.0	0.0	0.0	0.0	0.0	0.0	0.0	0.0	0.0	0.0	
chr7.trna12	0.0	0.0	0.0	0.0	0.0	0.0	0.0	0.0	0.0	0.0	0.0	0.0	0.0	0.0	0.0	0.0	0.0	0.0	0.0	0.0	0.0	0.0	0.0	0.0	0.0	0.0	0.0	0.0	0.0	0.0	1.0	0.0	0.0	0.0	0.0	0.0	0.0	0.0	1.0	0.0	
chr4.trna4	0.0	0.0	0.0	0.0	0.0	0.0	0.0	0.0	0.0	0.0	2.0	1.0	0.0	1.0	0.0	2.0	0.0	0.0	0.0	3.0	1.0	0.0	0.0	1.0	1.0	0.0	0.0	0.0	0.0	0.0	1.0	0.0	0.0	0.0	0.0	1.0	0.0	0.0	0.0	0.0	
chr4.trna5	0.0	0.0	0.0	0.0	0.0	0.0	0.0	0.0	0.0	0.0	0.0	0.0	0.0	0.0	0.0	0.0	0.0	0.0	1.0	0.0	0.0	0.0	0.0	0.0	0.0	0.0	0.0	0.0	0.0	0.0	0.0	0.0	0.0	0.0	0.0	0.0	0.0	0.0	0.0	0.0	
chr4.trna2	18.0	5.0	2.0	26.0	24.0	31.0	16.0	3.0	3.0	0.0	2.0	7.0	23.0	47.0	13.0	1.0	5.0	17.0	2.0	21.0	7.0	18.0	0.0	31.0	8.0	13.0	26.0	4.0	6.0	5.0	11.0	0.0	3.0	40.0	7.0	26.0	2.0	4.0	3.0	2.0	
chr4.trna3	0.0	0.0	0.0	0.0	0.0	0.0	0.0	0.0	0.0	0.0	0.0	0.0	0.0	1.0	0.0	0.0	0.0	0.0	0.0	0.0	0.0	0.0	0.0	0.0	0.0	0.0	0.0	0.0	0.0	0.0	0.0	0.0	0.0	0.0	0.0	0.0	0.0	0.0	0.0	0.0	
chr11.trna18	54.0	30.0	100.0	148.0	52.0	104.0	128.0	283.0	39.0	35.0	134.0	72.0	78.0	129.0	20.0	145.0	81.0	52.0	142.0	36.0	44.0	68.0	73.0	86.0	75.0	96.0	106.0	87.0	48.0	61.0	91.0	91.0	119.0	105.0	133.0	49.0	137.0	60.0	133.0	22.0	
chr11.trna17	0.0	0.0	0.0	0.0	0.0	0.0	0.0	0.0	0.0	0.0	0.0	0.0	1.0	0.0	0.0	0.0	1.0	0.0	0.0	0.0	0.0	1.0	0.0	0.0	0.0	0.0	2.0	0.0	0.0	0.0	0.0	0.0	0.0	1.0	0.0	0.0	0.0	0.0	0.0	0.0	
chr11.trna19	0.0	0.0	0.0	0.0	0.0	0.0	0.0	0.0	0.0	0.0	0.0	0.0	1.0	0.0	0.0	0.0	1.0	1.0	0.0	0.0	0.0	1.0	0.0	0.0	0.0	0.0	2.0	0.0	0.0	0.0	0.0	0.0	0.0	1.0	0.0	0.0	0.0	0.0	0.0	0.0	
chr11.trna13	84.0	54.0	143.0	130.0	98.0	66.0	104.0	56.0	139.0	27.0	67.0	39.0	114.0	66.0	36.0	66.0	68.0	49.0	50.0	97.0	67.0	103.0	71.0	107.0	104.0	96.0	148.0	76.0	34.0	36.0	103.0	51.0	65.0	109.0	64.0	56.0	93.0	75.0	70.0	26.0	
chr19.trna13	521.0	181.0	1005.0	2170.0	251.0	964.0	410.0	2665.0	221.0	210.0	1266.0	477.0	701.0	1386.0	165.0	1501.0	831.0	381.0	1231.0	394.0	493.0	524.0	370.0	696.0	566.0	412.0	991.0	602.0	201.0	757.0	633.0	379.0	524.0	987.0	1014.0	381.0	706.0	497.0	173.0	344.0	
chr11.trna16	0.0	0.0	0.0	0.0	0.0	0.0	0.0	0.0	0.0	0.0	0.0	0.0	0.0	0.0	0.0	0.0	0.0	0.0	0.0	0.0	0.0	0.0	0.0	0.0	0.0	0.0	1.0	0.0	0.0	0.0	0.0	0.0	0.0	1.0	0.0	0.0	0.0	0.0	0.0	0.0	
chr19.trna11	18.0	15.0	29.0	26.0	16.0	8.0	27.0	13.0	25.0	9.0	23.0	15.0	23.0	20.0	4.0	11.0	11.0	19.0	32.0	25.0	31.0	14.0	31.0	29.0	20.0	10.0	27.0	34.0	4.0	8.0	10.0	17.0	28.0	26.0	23.0	14.0	23.0	27.0	13.0	20.0	
chr15.trna11	0.0	1.0	1.0	4.0	0.0	5.0	0.0	0.0	1.0	1.0	0.0	3.0	0.0	6.0	1.0	0.0	1.0	2.0	0.0	0.0	0.0	0.0	0.0	0.0	1.0	0.0	0.0	1.0	1.0	0.0	1.0	0.0	0.0	1.0	0.0	1.0	0.0	0.0	0.0	0.0	
chr15.trna12	1.0	0.0	0.0	1.0	0.0	0.0	0.0	0.0	1.0	0.0	0.0	0.0	0.0	0.0	0.0	0.0	0.0	0.0	0.0	0.0	0.0	0.0	1.0	0.0	0.0	1.0	0.0	0.0	0.0	0.0	0.0	1.0	0.0	0.0	0.0	0.0	0.0	0.0	0.0	0.0	
chr19.trna12	0.0	0.0	0.0	0.0	0.0	0.0	0.0	1.0	0.0	0.0	0.0	0.0	0.0	0.0	0.0	0.0	0.0	0.0	0.0	0.0	0.0	0.0	0.0	0.0	0.0	0.0	0.0	0.0	0.0	0.0	0.0	0.0	0.0	0.0	0.0	0.0	0.0	0.0	0.0	0.0	
chr11.trna12	0.0	0.0	0.0	0.0	0.0	1.0	0.0	0.0	0.0	0.0	0.0	0.0	0.0	1.0	0.0	0.0	0.0	0.0	0.0	0.0	0.0	0.0	0.0	0.0	1.0	0.0	0.0	0.0	0.0	0.0	0.0	0.0	0.0	0.0	1.0	0.0	0.0	0.0	0.0	0.0	
chr11.trna11	0.0	0.0	1.0	0.0	0.0	0.0	0.0	0.0	0.0	0.0	0.0	0.0	0.0	0.0	0.0	0.0	0.0	0.0	0.0	0.0	0.0	0.0	0.0	0.0	0.0	0.0	0.0	0.0	0.0	0.0	0.0	0.0	0.0	0.0	0.0	0.0	0.0	0.0	0.0	0.0	
chr19.trna10	0.0	0.0	0.0	0.0	0.0	0.0	0.0	2.0	0.0	0.0	0.0	0.0	1.0	0.0	0.0	0.0	0.0	1.0	0.0	0.0	0.0	1.0	0.0	0.0	0.0	0.0	0.0	0.0	1.0	0.0	0.0	0.0	0.0	1.0	0.0	0.0	1.0	0.0	0.0	0.0	
chr11.trna20	0.0	0.0	0.0	0.0	0.0	0.0	0.0	2.0	0.0	0.0	0.0	0.0	2.0	0.0	0.0	0.0	0.0	0.0	0.0	0.0	0.0	0.0	0.0	0.0	0.0	0.0	1.0	0.0	0.0	0.0	0.0	0.0	1.0	1.0	0.0	0.0	1.0	0.0	0.0	0.0	
chr6.trna7	0.0	0.0	0.0	1.0	0.0	0.0	0.0	0.0	0.0	0.0	0.0	0.0	0.0	0.0	0.0	0.0	0.0	0.0	0.0	0.0	0.0	0.0	0.0	0.0	0.0	0.0	0.0	0.0	0.0	0.0	0.0	0.0	0.0	0.0	0.0	0.0	0.0	0.0	0.0	0.0	
chr6.trna6	0.0	0.0	0.0	1.0	1.0	0.0	0.0	0.0	0.0	0.0	0.0	0.0	0.0	0.0	0.0	0.0	0.0	0.0	0.0	0.0	0.0	0.0	0.0	0.0	0.0	0.0	0.0	0.0	0.0	0.0	0.0	0.0	0.0	0.0	0.0	0.0	0.0	0.0	0.0	0.0	
chr6.trna9	1.0	1.0	1.0	1.0	0.0	1.0	1.0	0.0	0.0	0.0	2.0	0.0	0.0	0.0	0.0	1.0	0.0	1.0	1.0	2.0	0.0	0.0	0.0	1.0	1.0	1.0	2.0	0.0	0.0	0.0	0.0	0.0	1.0	3.0	1.0	0.0	1.0	0.0	0.0	1.0	
chr6.trna8	0.0	0.0	0.0	1.0	0.0	0.0	0.0	0.0	0.0	0.0	0.0	0.0	0.0	0.0	0.0	0.0	0.0	0.0	0.0	0.0	0.0	0.0	0.0	0.0	0.0	0.0	0.0	0.0	0.0	0.0	0.0	0.0	0.0	0.0	0.0	0.0	0.0	0.0	0.0	0.0	
chr18.trna1	0.0	0.0	4.0	1.0	0.0	2.0	0.0	2.0	0.0	0.0	1.0	1.0	0.0	0.0	1.0	0.0	1.0	2.0	2.0	0.0	1.0	0.0	0.0	6.0	0.0	1.0	2.0	4.0	0.0	0.0	0.0	0.0	0.0	5.0	1.0	4.0	4.0	17.0	5.0	1.0	
chr9.trna1	0.0	0.0	0.0	0.0	0.0	0.0	0.0	0.0	0.0	0.0	1.0	0.0	0.0	0.0	0.0	0.0	0.0	0.0	0.0	0.0	0.0	0.0	0.0	0.0	1.0	0.0	0.0	0.0	0.0	0.0	0.0	0.0	0.0	0.0	0.0	0.0	0.0	0.0	0.0	0.0	
chr9.trna7	0.0	0.0	0.0	0.0	0.0	0.0	0.0	0.0	0.0	0.0	0.0	0.0	0.0	0.0	0.0	0.0	0.0	0.0	0.0	1.0	0.0	1.0	0.0	0.0	1.0	0.0	0.0	0.0	0.0	0.0	0.0	0.0	1.0	0.0	1.0	0.0	0.0	0.0	0.0	0.0	
chr9.trna8	0.0	2.0	0.0	4.0	4.0	0.0	2.0	2.0	0.0	0.0	0.0	2.0	0.0	1.0	0.0	1.0	0.0	4.0	28.0	3.0	3.0	0.0	0.0	6.0	1.0	1.0	7.0	0.0	0.0	0.0	2.0	1.0	1.0	4.0	1.0	0.0	0.0	2.0	3.0	1.0	
chr9.trna9	1.0	1.0	0.0	1.0	0.0	0.0	0.0	0.0	0.0	0.0	0.0	1.0	0.0	0.0	0.0	0.0	0.0	0.0	0.0	0.0	0.0	0.0	0.0	1.0	0.0	0.0	0.0	0.0	0.0	0.0	0.0	0.0	0.0	0.0	0.0	0.0	0.0	0.0	0.0	0.0	
chr9.trna4	0.0	1.0	0.0	2.0	1.0	0.0	2.0	0.0	0.0	0.0	0.0	1.0	1.0	0.0	0.0	1.0	0.0	0.0	0.0	0.0	0.0	0.0	0.0	0.0	0.0	0.0	1.0	0.0	0.0	1.0	0.0	1.0	0.0	2.0	0.0	0.0	1.0	0.0	0.0	0.0	
chr9.trna5	0.0	1.0	0.0	0.0	0.0	0.0	0.0	0.0	0.0	0.0	0.0	0.0	0.0	0.0	0.0	0.0	0.0	1.0	0.0	0.0	0.0	0.0	0.0	0.0	0.0	0.0	0.0	0.0	0.0	0.0	0.0	0.0	0.0	1.0	0.0	0.0	0.0	0.0	0.0	0.0	
chr9.trna6	0.0	1.0	1.0	1.0	1.0	0.0	0.0	0.0	0.0	0.0	0.0	3.0	1.0	5.0	0.0	2.0	1.0	3.0	2.0	0.0	1.0	1.0	2.0	0.0	2.0	0.0	1.0	1.0	0.0	0.0	2.0	2.0	0.0	3.0	1.0	0.0	1.0	1.0	1.0	1.0	
chr6.trna3	0.0	0.0	0.0	1.0	1.0	0.0	0.0	0.0	0.0	0.0	0.0	0.0	0.0	0.0	0.0	0.0	0.0	0.0	0.0	0.0	0.0	0.0	0.0	0.0	0.0	0.0	0.0	0.0	0.0	0.0	0.0	0.0	0.0	0.0	0.0	0.0	0.0	0.0	0.0	0.0	
chr6.trna2	0.0	0.0	0.0	1.0	0.0	0.0	0.0	0.0	0.0	0.0	0.0	0.0	0.0	0.0	0.0	0.0	0.0	0.0	0.0	0.0	0.0	0.0	0.0	0.0	0.0	0.0	0.0	0.0	0.0	0.0	0.0	0.0	0.0	0.0	0.0	0.0	0.0	0.0	0.0	0.0	
chr6.trna5	0.0	0.0	0.0	1.0	1.0	0.0	0.0	0.0	0.0	0.0	0.0	0.0	0.0	0.0	0.0	0.0	0.0	0.0	0.0	0.0	0.0	0.0	0.0	0.0	0.0	0.0	0.0	0.0	0.0	0.0	0.0	0.0	0.0	0.0	0.0	0.0	0.0	0.0	0.0	0.0	
chr6.trna4	1.0	1.0	0.0	1.0	1.0	0.0	1.0	0.0	0.0	0.0	0.0	0.0	0.0	0.0	0.0	0.0	0.0	0.0	0.0	0.0	0.0	0.0	0.0	0.0	1.0	1.0	1.0	0.0	0.0	1.0	0.0	0.0	0.0	2.0	0.0	0.0	0.0	0.0	0.0	0.0	
chr16.trna2	0.0	0.0	0.0	1.0	0.0	0.0	1.0	1.0	0.0	0.0	0.0	0.0	0.0	2.0	0.0	0.0	0.0	0.0	0.0	0.0	0.0	0.0	0.0	0.0	0.0	0.0	0.0	0.0	0.0	0.0	1.0	0.0	0.0	0.0	0.0	0.0	0.0	0.0	0.0	0.0	
chr16.trna1	2.0	0.0	0.0	0.0	0.0	1.0	2.0	3.0	0.0	1.0	2.0	0.0	2.0	4.0	1.0	4.0	6.0	0.0	0.0	4.0	1.0	5.0	0.0	2.0	1.0	5.0	1.0	3.0	1.0	0.0	3.0	1.0	1.0	2.0	7.0	2.0	5.0	3.0	4.0	0.0	
chr16.trna4	0.0	0.0	0.0	2.0	0.0	0.0	1.0	1.0	0.0	0.0	0.0	0.0	0.0	2.0	0.0	0.0	0.0	0.0	0.0	0.0	0.0	0.0	0.0	1.0	0.0	0.0	0.0	0.0	1.0	0.0	1.0	0.0	0.0	0.0	0.0	0.0	0.0	0.0	0.0	0.0	
chr16.trna3	5.0	1.0	1.0	6.0	1.0	0.0	1.0	5.0	0.0	0.0	2.0	1.0	2.0	2.0	0.0	3.0	0.0	1.0	0.0	0.0	0.0	1.0	0.0	2.0	2.0	0.0	10.0	0.0	1.0	1.0	2.0	2.0	0.0	3.0	1.0	7.0	1.0	2.0	0.0	3.0	
chr16.trna6	2.0	0.0	1.0	3.0	1.0	0.0	3.0	3.0	0.0	0.0	0.0	1.0	1.0	3.0	0.0	2.0	0.0	0.0	0.0	0.0	0.0	0.0	0.0	2.0	1.0	5.0	2.0	1.0	2.0	1.0	3.0	0.0	1.0	2.0	0.0	1.0	3.0	0.0	1.0	0.0	
chr16.trna5	0.0	1.0	0.0	2.0	0.0	0.0	1.0	1.0	0.0	0.0	0.0	0.0	0.0	2.0	0.0	0.0	0.0	0.0	0.0	0.0	0.0	0.0	0.0	1.0	0.0	0.0	0.0	0.0	1.0	0.0	1.0	0.0	0.0	0.0	0.0	0.0	0.0	0.0	0.0	0.0	
chr16.trna8	4.0	0.0	3.0	4.0	2.0	4.0	2.0	2.0	0.0	0.0	1.0	3.0	6.0	4.0	1.0	7.0	1.0	9.0	1.0	0.0	0.0	2.0	1.0	5.0	4.0	2.0	0.0	1.0	2.0	0.0	1.0	1.0	0.0	7.0	0.0	2.0	1.0	1.0	2.0	0.0	
chr16.trna7	0.0	0.0	1.0	2.0	0.0	0.0	1.0	1.0	0.0	0.0	0.0	0.0	0.0	2.0	0.0	2.0	0.0	0.0	0.0	0.0	0.0	0.0	0.0	1.0	0.0	2.0	0.0	0.0	2.0	0.0	1.0	0.0	0.0	2.0	0.0	0.0	1.0	0.0	0.0	0.0	
chr16.trna9	4.0	0.0	2.0	4.0	2.0	5.0	1.0	1.0	0.0	0.0	1.0	3.0	5.0	1.0	2.0	6.0	1.0	10.0	1.0	0.0	0.0	2.0	1.0	6.0	2.0	1.0	0.0	1.0	1.0	0.0	0.0	1.0	0.0	6.0	1.0	3.0	1.0	1.0	2.0	0.0	
chr22.trna1	0.0	1.0	1.0	1.0	1.0	1.0	0.0	3.0	1.0	1.0	1.0	2.0	2.0	1.0	1.0	6.0	8.0	5.0	1.0	2.0	0.0	3.0	0.0	6.0	1.0	4.0	1.0	0.0	1.0	3.0	3.0	3.0	0.0	6.0	4.0	2.0	1.0	1.0	1.0	0.0	
chr12.trna14	0.0	0.0	0.0	0.0	0.0	0.0	0.0	0.0	0.0	1.0	0.0	0.0	0.0	0.0	0.0	0.0	0.0	0.0	0.0	0.0	0.0	0.0	0.0	0.0	0.0	0.0	0.0	1.0	0.0	0.0	0.0	0.0	0.0	0.0	0.0	0.0	0.0	0.0	0.0	0.0	
chr12.trna15	0.0	1.0	0.0	0.0	0.0	1.0	0.0	0.0	0.0	0.0	0.0	1.0	1.0	1.0	1.0	0.0	0.0	0.0	0.0	0.0	0.0	0.0	0.0	0.0	0.0	1.0	0.0	0.0	0.0	0.0	1.0	0.0	0.0	0.0	0.0	0.0	0.0	0.0	0.0	0.0	
chr12.trna12	0.0	0.0	0.0	0.0	0.0	0.0	0.0	0.0	0.0	0.0	0.0	0.0	0.0	0.0	0.0	0.0	0.0	0.0	0.0	0.0	0.0	0.0	0.0	0.0	0.0	0.0	0.0	0.0	0.0	0.0	0.0	0.0	0.0	0.0	0.0	1.0	0.0	0.0	0.0	0.0	
chr12.trna13	0.0	0.0	0.0	0.0	0.0	0.0	0.0	0.0	0.0	0.0	0.0	0.0	0.0	0.0	0.0	0.0	0.0	0.0	0.0	1.0	0.0	0.0	0.0	2.0	0.0	0.0	0.0	0.0	0.0	0.0	0.0	0.0	0.0	0.0	0.0	0.0	0.0	0.0	0.0	0.0	
chr12.trna10	0.0	0.0	0.0	0.0	0.0	0.0	0.0	0.0	0.0	0.0	0.0	0.0	0.0	0.0	0.0	0.0	0.0	0.0	0.0	0.0	0.0	0.0	0.0	0.0	0.0	0.0	0.0	0.0	0.0	0.0	0.0	0.0	0.0	0.0	0.0	1.0	0.0	0.0	0.0	0.0	
chr12.trna11	0.0	0.0	0.0	0.0	0.0	0.0	0.0	0.0	0.0	0.0	0.0	0.0	0.0	0.0	0.0	0.0	0.0	0.0	0.0	0.0	0.0	0.0	0.0	0.0	0.0	0.0	0.0	0.0	0.0	0.0	0.0	0.0	0.0	0.0	0.0	1.0	0.0	0.0	0.0	0.0	
chr6.trna139	1.0	0.0	1.0	0.0	1.0	0.0	0.0	0.0	0.0	0.0	0.0	0.0	0.0	0.0	0.0	0.0	0.0	0.0	0.0	0.0	0.0	1.0	0.0	1.0	0.0	0.0	0.0	0.0	0.0	0.0	0.0	0.0	0.0	0.0	0.0	1.0	1.0	0.0	0.0	0.0	
chr6.trna138	1.0	0.0	2.0	0.0	1.0	0.0	0.0	3.0	1.0	0.0	3.0	0.0	0.0	3.0	0.0	0.0	0.0	1.0	0.0	0.0	1.0	1.0	0.0	1.0	0.0	1.0	2.0	0.0	0.0	1.0	0.0	0.0	1.0	1.0	1.0	1.0	2.0	0.0	0.0	1.0	
chr6.trna144	8.0	1.0	2.0	7.0	3.0	4.0	3.0	17.0	0.0	5.0	10.0	2.0	7.0	6.0	12.0	4.0	2.0	8.0	3.0	12.0	1.0	8.0	6.0	9.0	4.0	10.0	9.0	4.0	1.0	5.0	4.0	3.0	1.0	10.0	4.0	15.0	4.0	3.0	3.0	7.0	
chr6.trna143	1.0	0.0	1.0	0.0	1.0	0.0	0.0	0.0	0.0	0.0	0.0	0.0	0.0	0.0	0.0	0.0	0.0	0.0	0.0	0.0	0.0	1.0	0.0	1.0	0.0	0.0	0.0	0.0	0.0	0.0	0.0	0.0	0.0	0.0	0.0	0.0	1.0	0.0	0.0	0.0	
chr6.trna142	2.0	1.0	1.0	0.0	1.0	1.0	0.0	0.0	0.0	0.0	0.0	0.0	0.0	0.0	0.0	1.0	0.0	0.0	0.0	0.0	0.0	1.0	0.0	1.0	0.0	1.0	1.0	0.0	1.0	0.0	0.0	0.0	0.0	0.0	1.0	0.0	2.0	2.0	1.0	0.0	
chr6.trna141	3.0	1.0	5.0	1.0	3.0	2.0	6.0	0.0	0.0	3.0	4.0	0.0	0.0	1.0	0.0	2.0	1.0	2.0	6.0	2.0	3.0	1.0	1.0	5.0	1.0	5.0	3.0	0.0	0.0	1.0	0.0	0.0	7.0	4.0	3.0	3.0	5.0	11.0	5.0	2.0	
chr6.trna148	0.0	0.0	0.0	0.0	0.0	0.0	0.0	0.0	0.0	0.0	0.0	0.0	0.0	0.0	0.0	0.0	0.0	0.0	0.0	0.0	0.0	1.0	0.0	0.0	0.0	0.0	0.0	0.0	0.0	0.0	0.0	0.0	0.0	0.0	0.0	0.0	0.0	0.0	0.0	0.0	
chr6.trna147	2.0	0.0	3.0	1.0	2.0	0.0	2.0	3.0	3.0	1.0	6.0	1.0	0.0	2.0	0.0	0.0	3.0	0.0	1.0	0.0	2.0	1.0	0.0	0.0	0.0	0.0	3.0	1.0	0.0	0.0	2.0	1.0	3.0	3.0	5.0	1.0	3.0	8.0	5.0	1.0	
chr6.trna146	1.0	0.0	0.0	3.0	1.0	0.0	0.0	1.0	0.0	0.0	1.0	0.0	0.0	0.0	0.0	0.0	1.0	1.0	1.0	1.0	2.0	1.0	0.0	2.0	0.0	2.0	0.0	0.0	0.0	0.0	0.0	0.0	2.0	0.0	0.0	1.0	2.0	0.0	0.0	0.0	
chr6.trna145	1.0	1.0	0.0	1.0	1.0	1.0	1.0	0.0	1.0	0.0	0.0	0.0	2.0	0.0	0.0	0.0	0.0	1.0	0.0	1.0	1.0	3.0	0.0	1.0	0.0	0.0	0.0	0.0	0.0	0.0	0.0	0.0	0.0	0.0	2.0	0.0	1.0	0.0	0.0	0.0	
chr6.trna140	2.0	4.0	1.0	1.0	5.0	3.0	5.0	2.0	0.0	7.0	24.0	1.0	2.0	1.0	2.0	19.0	3.0	4.0	12.0	2.0	9.0	9.0	8.0	7.0	1.0	7.0	2.0	6.0	1.0	4.0	3.0	7.0	5.0	3.0	4.0	2.0	9.0	4.0	21.0	11.0	
chr14.trna24	0.0	0.0	0.0	1.0	0.0	0.0	0.0	0.0	0.0	0.0	0.0	0.0	0.0	0.0	0.0	0.0	1.0	0.0	0.0	0.0	0.0	0.0	0.0	0.0	0.0	0.0	0.0	0.0	0.0	0.0	0.0	0.0	0.0	0.0	0.0	0.0	0.0	0.0	0.0	0.0	
chr14.trna23	0.0	0.0	0.0	1.0	0.0	0.0	0.0	0.0	0.0	0.0	0.0	0.0	0.0	0.0	0.0	0.0	1.0	0.0	0.0	0.0	0.0	0.0	0.0	0.0	0.0	0.0	0.0	0.0	0.0	0.0	0.0	0.0	0.0	0.0	0.0	0.0	0.0	0.0	0.0	0.0	
chr6.trna149	0.0	0.0	1.0	0.0	0.0	0.0	0.0	0.0	2.0	0.0	1.0	0.0	1.0	2.0	3.0	0.0	0.0	0.0	1.0	0.0	1.0	0.0	1.0	2.0	0.0	0.0	0.0	2.0	0.0	1.0	0.0	0.0	1.0	0.0	0.0	0.0	0.0	2.0	0.0	0.0	
chr6.trna155	0.0	0.0	0.0	0.0	0.0	0.0	0.0	0.0	0.0	0.0	0.0	0.0	0.0	1.0	0.0	0.0	0.0	0.0	0.0	0.0	0.0	0.0	0.0	1.0	0.0	0.0	0.0	0.0	0.0	0.0	0.0	0.0	0.0	0.0	0.0	0.0	0.0	1.0	1.0	0.0	
chr6.trna154	0.0	0.0	0.0	0.0	0.0	0.0	0.0	0.0	0.0	0.0	0.0	0.0	0.0	1.0	0.0	0.0	0.0	0.0	0.0	0.0	0.0	0.0	0.0	1.0	0.0	0.0	0.0	0.0	0.0	0.0	0.0	0.0	0.0	0.0	0.0	0.0	0.0	1.0	1.0	0.0	
chr6.trna153	288.0	252.0	1574.0	648.0	360.0	339.0	161.0	120.0	196.0	181.0	2450.0	368.0	251.0	719.0	111.0	1226.0	1334.0	514.0	2270.0	396.0	599.0	300.0	962.0	556.0	429.0	129.0	689.0	1728.0	39.0	211.0	413.0	420.0	721.0	680.0	1890.0	466.0	1531.0	1291.0	3881.0	497.0	
chr6.trna152	0.0	1.0	0.0	0.0	0.0	0.0	2.0	0.0	1.0	1.0	0.0	0.0	0.0	1.0	0.0	0.0	1.0	0.0	0.0	1.0	1.0	1.0	1.0	0.0	0.0	1.0	0.0	0.0	0.0	0.0	0.0	0.0	1.0	1.0	1.0	1.0	0.0	0.0	2.0	0.0	
chr19.trna1	0.0	0.0	0.0	0.0	0.0	0.0	0.0	0.0	0.0	0.0	0.0	0.0	0.0	0.0	0.0	0.0	0.0	0.0	0.0	0.0	0.0	0.0	0.0	0.0	0.0	0.0	0.0	0.0	0.0	0.0	0.0	0.0	0.0	0.0	0.0	0.0	0.0	0.0	0.0	1.0	
chr6.trna159	0.0	0.0	0.0	0.0	0.0	0.0	0.0	0.0	0.0	0.0	1.0	0.0	0.0	0.0	0.0	0.0	0.0	0.0	0.0	0.0	0.0	0.0	0.0	0.0	0.0	0.0	0.0	0.0	0.0	0.0	0.0	0.0	0.0	0.0	0.0	0.0	0.0	0.0	0.0	0.0	
chr6.trna158	2.0	5.0	13.0	10.0	2.0	13.0	9.0	6.0	3.0	1.0	13.0	10.0	5.0	15.0	2.0	7.0	6.0	8.0	6.0	6.0	4.0	4.0	3.0	10.0	13.0	8.0	15.0	9.0	2.0	2.0	8.0	8.0	2.0	13.0	13.0	11.0	10.0	14.0	14.0	3.0	
chr6.trna157	0.0	0.0	0.0	0.0	0.0	0.0	0.0	0.0	0.0	0.0	1.0	0.0	0.0	1.0	0.0	0.0	0.0	0.0	0.0	0.0	0.0	0.0	0.0	1.0	0.0	0.0	0.0	0.0	0.0	0.0	0.0	0.0	0.0	0.0	0.0	0.0	0.0	1.0	1.0	0.0	
chr6.trna156	0.0	0.0	0.0	1.0	0.0	1.0	0.0	0.0	0.0	0.0	0.0	0.0	0.0	1.0	1.0	0.0	0.0	0.0	0.0	1.0	0.0	0.0	0.0	2.0	0.0	0.0	0.0	0.0	0.0	0.0	0.0	0.0	1.0	0.0	1.0	0.0	1.0	2.0	2.0	0.0	
chr19.trna6	15.0	2.0	4.0	17.0	8.0	2.0	10.0	5.0	0.0	0.0	6.0	3.0	21.0	2.0	14.0	2.0	13.0	21.0	3.0	32.0	2.0	6.0	0.0	27.0	3.0	19.0	14.0	3.0	1.0	2.0	5.0	1.0	0.0	28.0	10.0	30.0	1.0	3.0	1.0	1.0	
chr19.trna7	3.0	0.0	0.0	1.0	1.0	0.0	0.0	0.0	0.0	1.0	0.0	0.0	0.0	0.0	1.0	0.0	0.0	0.0	0.0	0.0	1.0	0.0	0.0	3.0	0.0	0.0	2.0	1.0	0.0	0.0	0.0	0.0	0.0	0.0	0.0	1.0	0.0	0.0	0.0	0.0	
chr19.trna8	0.0	0.0	0.0	1.0	0.0	0.0	0.0	2.0	0.0	0.0	1.0	2.0	0.0	0.0	1.0	1.0	0.0	0.0	0.0	0.0	0.0	0.0	1.0	0.0	1.0	0.0	0.0	1.0	0.0	0.0	0.0	0.0	1.0	0.0	0.0	0.0	0.0	1.0	0.0	0.0	
chr19.trna9	450.0	158.0	379.0	936.0	310.0	489.0	339.0	1698.0	65.0	198.0	304.0	838.0	516.0	856.0	156.0	584.0	329.0	507.0	277.0	367.0	252.0	376.0	108.0	784.0	438.0	300.0	498.0	146.0	124.0	758.0	501.0	217.0	132.0	817.0	592.0	441.0	365.0	200.0	237.0	125.0	
chr14.trna20	1.0	1.0	1.0	0.0	0.0	1.0	1.0	1.0	0.0	0.0	1.0	2.0	2.0	2.0	0.0	0.0	2.0	2.0	3.0	1.0	0.0	1.0	0.0	1.0	1.0	0.0	1.0	1.0	0.0	0.0	0.0	1.0	0.0	3.0	4.0	1.0	2.0	0.0	0.0	0.0	
chr19.trna2	84.0	24.0	81.0	80.0	97.0	107.0	117.0	24.0	115.0	32.0	148.0	62.0	117.0	127.0	18.0	121.0	99.0	81.0	176.0	78.0	77.0	124.0	155.0	91.0	125.0	138.0	158.0	134.0	137.0	102.0	152.0	201.0	235.0	122.0	215.0	49.0	266.0	93.0	177.0	33.0	
chr6.trna151	0.0	0.0	0.0	0.0	0.0	0.0	0.0	0.0	0.0	0.0	0.0	0.0	0.0	0.0	0.0	0.0	0.0	0.0	0.0	0.0	0.0	0.0	0.0	0.0	0.0	0.0	0.0	0.0	0.0	0.0	0.0	0.0	0.0	0.0	0.0	0.0	0.0	0.0	1.0	0.0	
chr6.trna150	1.0	0.0	0.0	0.0	0.0	1.0	0.0	1.0	0.0	3.0	0.0	3.0	1.0	0.0	2.0	2.0	0.0	1.0	0.0	0.0	0.0	2.0	1.0	0.0	0.0	1.0	0.0	0.0	0.0	0.0	0.0	0.0	1.0	0.0	0.0	2.0	0.0	1.0	1.0	0.0	
chr14.trna22	10.0	2.0	4.0	14.0	5.0	2.0	6.0	8.0	0.0	1.0	2.0	0.0	3.0	6.0	3.0	5.0	2.0	4.0	1.0	7.0	2.0	1.0	0.0	9.0	2.0	8.0	19.0	4.0	1.0	1.0	3.0	2.0	2.0	12.0	5.0	17.0	2.0	5.0	2.0	0.0	
chr14.trna21	4.0	0.0	3.0	2.0	7.0	1.0	29.0	37.0	2.0	5.0	3.0	7.0	25.0	5.0	4.0	1.0	5.0	5.0	1.0	13.0	0.0	16.0	5.0	8.0	4.0	25.0	15.0	10.0	9.0	3.0	22.0	10.0	10.0	18.0	20.0	1.0	13.0	4.0	4.0	1.0	
chr14.trna13	0.0	0.0	1.0	1.0	0.0	0.0	4.0	2.0	1.0	0.0	0.0	1.0	0.0	1.0	0.0	1.0	0.0	0.0	1.0	1.0	0.0	0.0	1.0	0.0	1.0	1.0	1.0	0.0	0.0	0.0	0.0	0.0	1.0	1.0	1.0	2.0	1.0	0.0	1.0	0.0	
chr14.trna15	2.0	1.0	1.0	1.0	1.0	1.0	0.0	0.0	0.0	0.0	0.0	1.0	0.0	1.0	2.0	0.0	0.0	0.0	2.0	0.0	2.0	0.0	0.0	2.0	0.0	0.0	0.0	0.0	0.0	0.0	0.0	0.0	0.0	0.0	0.0	0.0	0.0	0.0	0.0	0.0	
chr14.trna14	0.0	0.0	0.0	0.0	0.0	0.0	0.0	0.0	0.0	0.0	1.0	0.0	0.0	0.0	0.0	0.0	0.0	0.0	0.0	1.0	1.0	0.0	0.0	0.0	0.0	0.0	0.0	0.0	0.0	1.0	0.0	0.0	0.0	1.0	0.0	1.0	0.0	0.0	0.0	0.0	
chr14.trna17	1.0	1.0	1.0	0.0	1.0	1.0	0.0	3.0	2.0	1.0	1.0	0.0	1.0	0.0	0.0	3.0	0.0	1.0	0.0	1.0	0.0	0.0	0.0	3.0	0.0	0.0	1.0	0.0	0.0	0.0	2.0	1.0	1.0	2.0	0.0	3.0	1.0	0.0	1.0	0.0	
chr14.trna16	0.0	0.0	0.0	0.0	0.0	1.0	0.0	0.0	1.0	0.0	0.0	0.0	0.0	0.0	0.0	0.0	0.0	0.0	0.0	0.0	0.0	0.0	0.0	0.0	0.0	0.0	0.0	0.0	0.0	0.0	0.0	0.0	0.0	0.0	0.0	0.0	0.0	0.0	0.0	0.0	
chr14.trna19	0.0	0.0	0.0	0.0	1.0	0.0	0.0	2.0	0.0	0.0	0.0	0.0	0.0	0.0	0.0	0.0	0.0	1.0	0.0	0.0	1.0	0.0	0.0	0.0	1.0	0.0	1.0	1.0	1.0	0.0	1.0	0.0	0.0	0.0	0.0	0.0	0.0	0.0	1.0	0.0	
chr14.trna18	0.0	0.0	0.0	0.0	0.0	0.0	0.0	0.0	0.0	0.0	1.0	0.0	0.0	0.0	0.0	0.0	0.0	0.0	0.0	0.0	0.0	1.0	0.0	0.0	0.0	0.0	0.0	0.0	0.0	0.0	0.0	0.0	0.0	0.0	0.0	0.0	0.0	0.0	0.0	0.0	
chr6.trna126	0.0	0.0	0.0	0.0	0.0	0.0	0.0	0.0	1.0	0.0	0.0	0.0	0.0	0.0	0.0	1.0	0.0	0.0	0.0	0.0	0.0	0.0	0.0	1.0	0.0	0.0	0.0	0.0	0.0	0.0	0.0	0.0	0.0	0.0	0.0	0.0	0.0	0.0	0.0	0.0	
chr14.trna11	0.0	0.0	0.0	0.0	0.0	0.0	0.0	0.0	0.0	0.0	0.0	0.0	0.0	0.0	0.0	0.0	0.0	0.0	0.0	0.0	0.0	0.0	0.0	0.0	0.0	1.0	0.0	0.0	0.0	0.0	0.0	0.0	0.0	0.0	0.0	0.0	0.0	0.0	0.0	0.0	
chr14.trna10	0.0	0.0	0.0	0.0	0.0	1.0	0.0	0.0	0.0	0.0	0.0	0.0	0.0	0.0	0.0	0.0	0.0	0.0	0.0	1.0	0.0	1.0	0.0	0.0	0.0	0.0	0.0	0.0	0.0	0.0	0.0	0.0	0.0	0.0	0.0	0.0	0.0	0.0	0.0	0.0	
chr6.trna129	0.0	0.0	0.0	0.0	0.0	1.0	0.0	0.0	0.0	0.0	1.0	0.0	0.0	1.0	1.0	0.0	0.0	0.0	0.0	0.0	0.0	1.0	0.0	1.0	1.0	0.0	0.0	0.0	0.0	0.0	0.0	0.0	0.0	0.0	0.0	1.0	0.0	0.0	0.0	0.0	
chr6.trna128	0.0	1.0	2.0	0.0	2.0	1.0	2.0	2.0	3.0	3.0	7.0	1.0	2.0	0.0	0.0	4.0	1.0	1.0	4.0	0.0	0.0	2.0	2.0	0.0	1.0	1.0	2.0	5.0	1.0	0.0	1.0	1.0	4.0	0.0	2.0	0.0	2.0	1.0	5.0	2.0	
chr6.trna127	16.0	12.0	14.0	50.0	10.0	50.0	6.0	15.0	8.0	13.0	13.0	25.0	15.0	33.0	1.0	4.0	13.0	22.0	3.0	9.0	5.0	7.0	14.0	25.0	14.0	15.0	19.0	7.0	21.0	24.0	18.0	10.0	4.0	21.0	12.0	11.0	18.0	22.0	4.0	8.0	
chr6.trna133	1.0	0.0	1.0	0.0	1.0	0.0	0.0	0.0	0.0	0.0	1.0	1.0	0.0	0.0	0.0	0.0	0.0	0.0	0.0	0.0	0.0	1.0	0.0	1.0	0.0	0.0	0.0	0.0	0.0	0.0	0.0	0.0	0.0	1.0	0.0	1.0	1.0	0.0	0.0	0.0	
chr6.trna132	0.0	0.0	2.0	0.0	5.0	2.0	0.0	0.0	0.0	3.0	1.0	1.0	3.0	1.0	1.0	0.0	1.0	0.0	3.0	0.0	1.0	4.0	2.0	2.0	5.0	0.0	2.0	3.0	1.0	0.0	1.0	3.0	2.0	2.0	3.0	2.0	4.0	1.0	3.0	0.0	
chr6.trna131	0.0	0.0	0.0	0.0	0.0	0.0	0.0	0.0	0.0	0.0	1.0	1.0	0.0	1.0	0.0	0.0	0.0	0.0	0.0	0.0	0.0	1.0	0.0	1.0	0.0	0.0	0.0	0.0	0.0	0.0	0.0	0.0	0.0	0.0	0.0	1.0	0.0	0.0	0.0	0.0	
chr6.trna130	0.0	0.0	0.0	0.0	0.0	1.0	0.0	0.0	0.0	0.0	1.0	1.0	0.0	1.0	0.0	0.0	0.0	0.0	1.0	0.0	0.0	1.0	0.0	1.0	1.0	0.0	0.0	0.0	0.0	0.0	0.0	0.0	0.0	0.0	0.0	1.0	0.0	0.0	0.0	0.0	
chr6.trna137	1.0	0.0	1.0	0.0	1.0	0.0	0.0	0.0	0.0	0.0	0.0	0.0	0.0	0.0	0.0	0.0	0.0	0.0	0.0	0.0	0.0	1.0	0.0	1.0	0.0	0.0	1.0	0.0	0.0	0.0	0.0	0.0	0.0	0.0	0.0	1.0	1.0	0.0	0.0	0.0	
chr6.trna136	1.0	0.0	1.0	0.0	1.0	0.0	0.0	0.0	0.0	0.0	0.0	0.0	0.0	0.0	0.0	0.0	0.0	0.0	0.0	0.0	0.0	1.0	0.0	1.0	0.0	0.0	0.0	0.0	0.0	0.0	0.0	0.0	0.0	0.0	0.0	1.0	1.0	0.0	0.0	0.0	
chr6.trna135	1.0	0.0	2.0	0.0	1.0	0.0	0.0	0.0	0.0	1.0	1.0	3.0	0.0	0.0	0.0	0.0	0.0	0.0	0.0	1.0	0.0	1.0	2.0	4.0	0.0	0.0	0.0	0.0	0.0	0.0	2.0	2.0	0.0	2.0	1.0	1.0	2.0	4.0	0.0	1.0	
chr6.trna134	3.0	6.0	1.0	3.0	2.0	1.0	3.0	0.0	0.0	0.0	2.0	2.0	2.0	1.0	1.0	2.0	4.0	0.0	0.0	1.0	1.0	2.0	0.0	4.0	0.0	1.0	1.0	0.0	0.0	0.0	0.0	0.0	0.0	3.0	2.0	3.0	3.0	3.0	0.0	0.0	
chrX.trna1	0.0	0.0	0.0	0.0	0.0	0.0	1.0	0.0	0.0	0.0	0.0	0.0	0.0	0.0	0.0	0.0	0.0	0.0	0.0	0.0	0.0	0.0	0.0	0.0	0.0	0.0	0.0	0.0	0.0	0.0	0.0	0.0	0.0	0.0	0.0	0.0	0.0	0.0	0.0	0.0	
chrX.trna3	0.0	0.0	0.0	0.0	0.0	0.0	0.0	0.0	0.0	0.0	0.0	0.0	0.0	0.0	0.0	0.0	0.0	0.0	0.0	0.0	0.0	0.0	0.0	0.0	0.0	0.0	0.0	0.0	0.0	0.0	0.0	0.0	0.0	0.0	0.0	1.0	0.0	0.0	0.0	0.0	
chrX.trna2	0.0	0.0	0.0	0.0	0.0	0.0	0.0	0.0	0.0	0.0	0.0	0.0	0.0	0.0	0.0	0.0	0.0	1.0	0.0	0.0	0.0	0.0	0.0	0.0	0.0	0.0	0.0	1.0	0.0	0.0	0.0	0.0	0.0	0.0	0.0	0.0	0.0	0.0	0.0	0.0	
chr6.trna166	0.0	0.0	0.0	0.0	0.0	0.0	0.0	1.0	0.0	0.0	0.0	0.0	0.0	0.0	0.0	0.0	0.0	0.0	0.0	0.0	0.0	0.0	0.0	0.0	0.0	0.0	0.0	0.0	0.0	0.0	0.0	0.0	0.0	0.0	1.0	0.0	0.0	0.0	0.0	0.0	
chr6.trna165	0.0	0.0	0.0	0.0	0.0	0.0	0.0	1.0	0.0	0.0	0.0	0.0	0.0	0.0	0.0	0.0	0.0	0.0	0.0	0.0	0.0	0.0	0.0	0.0	0.0	0.0	0.0	0.0	0.0	0.0	0.0	0.0	0.0	0.0	1.0	0.0	0.0	0.0	0.0	0.0	
chr6.trna164	0.0	0.0	0.0	0.0	0.0	0.0	0.0	1.0	0.0	0.0	2.0	0.0	0.0	0.0	3.0	0.0	0.0	0.0	1.0	0.0	1.0	0.0	0.0	0.0	0.0	0.0	0.0	0.0	0.0	1.0	1.0	1.0	1.0	1.0	0.0	1.0	0.0	0.0	1.0	0.0	
chr6.trna163	0.0	0.0	0.0	0.0	0.0	0.0	0.0	0.0	0.0	0.0	0.0	0.0	0.0	0.0	3.0	0.0	0.0	0.0	1.0	0.0	0.0	0.0	0.0	0.0	0.0	0.0	0.0	0.0	0.0	1.0	0.0	0.0	0.0	1.0	0.0	0.0	0.0	0.0	0.0	0.0	
chr6.trna167	4.0	11.0	19.0	26.0	5.0	53.0	1.0	5.0	5.0	9.0	19.0	11.0	6.0	42.0	3.0	4.0	14.0	16.0	18.0	8.0	5.0	4.0	7.0	14.0	8.0	1.0	21.0	18.0	0.0	4.0	13.0	0.0	9.0	13.0	21.0	3.0	22.0	16.0	17.0	14.0	
chr6.trna162	0.0	0.0	0.0	0.0	0.0	0.0	0.0	1.0	0.0	0.0	0.0	0.0	0.0	0.0	0.0	0.0	0.0	0.0	0.0	0.0	0.0	0.0	0.0	0.0	0.0	0.0	0.0	0.0	0.0	0.0	0.0	0.0	0.0	0.0	0.0	0.0	0.0	0.0	0.0	0.0	
chr6.trna161	0.0	0.0	0.0	0.0	0.0	0.0	0.0	1.0	0.0	0.0	0.0	0.0	0.0	0.0	0.0	0.0	0.0	0.0	0.0	0.0	0.0	0.0	0.0	0.0	0.0	0.0	0.0	0.0	0.0	0.0	0.0	0.0	0.0	0.0	0.0	0.0	0.0	0.0	0.0	0.0	
chr6.trna160	0.0	0.0	0.0	0.0	0.0	0.0	0.0	1.0	0.0	0.0	0.0	0.0	0.0	0.0	0.0	0.0	0.0	0.0	0.0	0.0	0.0	0.0	0.0	0.0	0.0	0.0	0.0	0.0	0.0	0.0	0.0	0.0	0.0	0.0	0.0	0.0	0.0	0.0	0.0	0.0	
chr6.trna176	0.0	0.0	0.0	0.0	0.0	0.0	1.0	0.0	0.0	0.0	0.0	0.0	0.0	0.0	0.0	0.0	0.0	0.0	0.0	0.0	0.0	0.0	0.0	0.0	0.0	0.0	0.0	0.0	0.0	0.0	1.0	0.0	0.0	0.0	0.0	0.0	0.0	0.0	0.0	0.0	
chr6.trna173	0.0	0.0	0.0	0.0	0.0	0.0	0.0	0.0	0.0	0.0	0.0	1.0	0.0	0.0	0.0	0.0	0.0	0.0	0.0	0.0	0.0	1.0	0.0	0.0	0.0	0.0	0.0	0.0	0.0	0.0	0.0	0.0	0.0	0.0	0.0	0.0	0.0	0.0	0.0	0.0	
chr1.trna16	2.0	2.0	3.0	2.0	2.0	0.0	0.0	0.0	1.0	0.0	1.0	0.0	2.0	1.0	1.0	0.0	0.0	2.0	2.0	1.0	1.0	2.0	1.0	2.0	2.0	2.0	7.0	1.0	0.0	1.0	0.0	1.0	0.0	1.0	1.0	1.0	1.0	2.0	0.0	1.0	
chr17.trna37	0.0	0.0	1.0	1.0	0.0	1.0	0.0	0.0	1.0	0.0	0.0	1.0	0.0	0.0	0.0	0.0	0.0	0.0	0.0	0.0	1.0	0.0	0.0	0.0	0.0	0.0	0.0	0.0	0.0	0.0	0.0	0.0	1.0	1.0	2.0	1.0	1.0	0.0	0.0	0.0	
chr17.trna38	0.0	0.0	1.0	1.0	0.0	1.0	0.0	0.0	0.0	0.0	0.0	1.0	0.0	0.0	0.0	0.0	0.0	0.0	0.0	0.0	1.0	0.0	0.0	0.0	0.0	0.0	0.0	0.0	0.0	1.0	0.0	0.0	0.0	1.0	2.0	1.0	2.0	0.0	0.0	0.0	
chr1.trna18	1.0	0.0	0.0	0.0	0.0	0.0	0.0	0.0	0.0	0.0	0.0	0.0	0.0	0.0	0.0	0.0	1.0	0.0	0.0	0.0	0.0	0.0	0.0	1.0	0.0	0.0	1.0	0.0	0.0	0.0	0.0	0.0	0.0	1.0	0.0	0.0	0.0	0.0	0.0	0.0	
chr17.trna39	0.0	0.0	2.0	1.0	1.0	1.0	0.0	0.0	0.0	0.0	1.0	2.0	0.0	0.0	0.0	0.0	0.0	0.0	0.0	0.0	2.0	0.0	0.0	0.0	1.0	0.0	0.0	2.0	0.0	0.0	0.0	0.0	0.0	2.0	3.0	2.0	2.0	1.0	1.0	1.0	
chr1.trna19	0.0	0.0	1.0	3.0	3.0	0.0	1.0	0.0	0.0	0.0	1.0	0.0	1.0	0.0	1.0	3.0	3.0	1.0	1.0	3.0	0.0	1.0	0.0	3.0	4.0	0.0	0.0	1.0	0.0	3.0	1.0	0.0	1.0	1.0	2.0	0.0	0.0	0.0	2.0	1.0	
chr5.trna24	7.0	8.0	13.0	11.0	8.0	9.0	48.0	18.0	3.0	15.0	23.0	5.0	19.0	25.0	13.0	13.0	19.0	14.0	6.0	10.0	7.0	22.0	7.0	23.0	23.0	58.0	23.0	8.0	5.0	9.0	15.0	7.0	7.0	10.0	16.0	3.0	15.0	5.0	18.0	6.0	
chr5.trna25	6.0	2.0	1.0	6.0	4.0	0.0	1.0	3.0	0.0	1.0	7.0	2.0	2.0	2.0	2.0	4.0	3.0	5.0	2.0	7.0	7.0	4.0	0.0	7.0	4.0	6.0	7.0	1.0	1.0	5.0	1.0	0.0	2.0	5.0	1.0	6.0	0.0	3.0	3.0	2.0	
chr1.trna23	1.0	0.0	0.0	1.0	0.0	0.0	0.0	0.0	0.0	0.0	0.0	0.0	0.0	0.0	0.0	1.0	0.0	0.0	0.0	1.0	0.0	0.0	0.0	1.0	0.0	0.0	0.0	0.0	0.0	0.0	0.0	0.0	0.0	0.0	0.0	2.0	0.0	0.0	0.0	0.0	
chr1.trna24	1.0	0.0	0.0	1.0	2.0	0.0	1.0	1.0	0.0	1.0	0.0	0.0	0.0	0.0	0.0	1.0	2.0	4.0	0.0	2.0	0.0	1.0	0.0	3.0	0.0	0.0	0.0	0.0	0.0	0.0	0.0	0.0	0.0	2.0	2.0	1.0	0.0	0.0	0.0	0.0	
chr17.trna34	2.0	1.0	2.0	1.0	0.0	2.0	2.0	5.0	1.0	0.0	0.0	2.0	2.0	1.0	0.0	1.0	0.0	0.0	0.0	0.0	2.0	0.0	1.0	1.0	0.0	1.0	3.0	0.0	0.0	2.0	1.0	0.0	1.0	3.0	2.0	5.0	2.0	0.0	1.0	1.0	
chr17.trna35	0.0	0.0	1.0	1.0	0.0	1.0	0.0	0.0	1.0	0.0	0.0	1.0	0.0	0.0	0.0	0.0	0.0	0.0	0.0	0.0	1.0	0.0	0.0	0.0	0.0	0.0	0.0	0.0	0.0	0.0	0.0	0.0	0.0	1.0	2.0	1.0	0.0	0.0	0.0	0.0	
chr1.trna26	3.0	0.0	0.0	3.0	4.0	6.0	1.0	4.0	0.0	2.0	1.0	1.0	6.0	1.0	0.0	5.0	1.0	5.0	1.0	4.0	0.0	2.0	2.0	0.0	5.0	3.0	0.0	1.0	1.0	0.0	7.0	0.0	5.0	7.0	4.0	1.0	4.0	1.0	0.0	0.0	
chr17.trna36	0.0	0.0	1.0	1.0	0.0	1.0	0.0	0.0	1.0	0.0	0.0	1.0	0.0	1.0	0.0	0.0	0.0	0.0	0.0	0.0	1.0	0.0	0.0	0.0	0.0	0.0	0.0	0.0	0.0	0.0	0.0	0.0	0.0	1.0	2.0	1.0	1.0	0.0	0.0	0.0	
chr5.trna20	2.0	0.0	1.0	0.0	3.0	1.0	3.0	0.0	0.0	0.0	1.0	0.0	2.0	1.0	8.0	0.0	1.0	1.0	0.0	0.0	1.0	1.0	0.0	3.0	2.0	0.0	2.0	0.0	0.0	1.0	2.0	0.0	0.0	4.0	1.0	2.0	0.0	0.0	0.0	2.0	
chr1.trna20	0.0	0.0	0.0	0.0	0.0	0.0	1.0	0.0	0.0	0.0	0.0	0.0	0.0	0.0	0.0	0.0	0.0	0.0	0.0	0.0	0.0	0.0	0.0	1.0	0.0	0.0	0.0	0.0	0.0	0.0	0.0	0.0	0.0	0.0	0.0	0.0	0.0	0.0	0.0	0.0	
chr17.trna30	0.0	0.0	0.0	0.0	0.0	0.0	0.0	0.0	0.0	0.0	0.0	0.0	0.0	0.0	0.0	1.0	0.0	0.0	0.0	0.0	0.0	0.0	0.0	0.0	0.0	0.0	0.0	0.0	0.0	0.0	0.0	0.0	0.0	0.0	0.0	0.0	0.0	0.0	0.0	0.0	
chr1.trna21	0.0	0.0	0.0	1.0	0.0	0.0	0.0	0.0	0.0	0.0	0.0	0.0	0.0	0.0	0.0	0.0	0.0	0.0	0.0	0.0	0.0	0.0	0.0	1.0	0.0	0.0	0.0	0.0	0.0	0.0	0.0	0.0	0.0	0.0	0.0	0.0	0.0	0.0	0.0	0.0	
chr5.trna22	0.0	0.0	0.0	0.0	1.0	1.0	2.0	0.0	0.0	0.0	1.0	0.0	1.0	0.0	7.0	0.0	0.0	1.0	0.0	0.0	0.0	1.0	0.0	3.0	1.0	0.0	0.0	0.0	0.0	1.0	0.0	0.0	0.0	3.0	1.0	2.0	0.0	0.0	0.0	1.0	
chr17.trna31	0.0	0.0	0.0	0.0	0.0	0.0	0.0	1.0	0.0	0.0	0.0	0.0	0.0	0.0	0.0	0.0	0.0	0.0	0.0	0.0	0.0	0.0	0.0	0.0	0.0	0.0	0.0	0.0	0.0	0.0	0.0	0.0	0.0	0.0	0.0	0.0	0.0	0.0	0.0	0.0	
chr1.trna22	0.0	0.0	0.0	1.0	0.0	0.0	0.0	0.0	0.0	0.0	0.0	0.0	0.0	0.0	0.0	1.0	0.0	0.0	0.0	1.0	0.0	0.0	0.0	1.0	0.0	0.0	0.0	0.0	0.0	0.0	0.0	0.0	0.0	0.0	0.0	1.0	0.0	0.0	0.0	0.0	
chr5.trna21	0.0	0.0	0.0	0.0	1.0	1.0	2.0	0.0	0.0	0.0	1.0	0.0	1.0	0.0	7.0	0.0	0.0	1.0	0.0	0.0	0.0	1.0	0.0	3.0	1.0	0.0	0.0	0.0	0.0	1.0	0.0	0.0	0.0	3.0	1.0	2.0	0.0	0.0	0.0	1.0	
chr17.trna32	0.0	0.0	0.0	0.0	1.0	0.0	0.0	1.0	1.0	0.0	0.0	0.0	0.0	0.0	0.0	0.0	0.0	1.0	0.0	0.0	0.0	0.0	0.0	0.0	0.0	0.0	0.0	0.0	0.0	0.0	0.0	0.0	0.0	0.0	0.0	0.0	0.0	0.0	0.0	0.0	
chr5.trna13	0.0	0.0	0.0	0.0	2.0	0.0	0.0	0.0	0.0	0.0	0.0	0.0	1.0	0.0	0.0	0.0	0.0	2.0	0.0	0.0	0.0	0.0	0.0	0.0	0.0	0.0	0.0	0.0	0.0	0.0	0.0	0.0	0.0	0.0	0.0	1.0	0.0	0.0	0.0	1.0	
chr5.trna12	1.0	0.0	0.0	1.0	1.0	4.0	0.0	1.0	0.0	2.0	1.0	0.0	2.0	0.0	0.0	0.0	0.0	2.0	2.0	0.0	1.0	1.0	1.0	2.0	0.0	0.0	0.0	0.0	1.0	0.0	1.0	1.0	5.0	0.0	3.0	2.0	0.0	0.0	0.0	2.0	
chr5.trna15	0.0	0.0	0.0	0.0	3.0	1.0	2.0	0.0	0.0	0.0	2.0	0.0	1.0	0.0	7.0	0.0	1.0	2.0	0.0	0.0	0.0	0.0	0.0	3.0	1.0	0.0	0.0	0.0	0.0	1.0	0.0	0.0	0.0	4.0	1.0	2.0	0.0	0.0	0.0	2.0	
chr5.trna14	0.0	0.0	0.0	0.0	2.0	1.0	1.0	0.0	0.0	0.0	2.0	0.0	1.0	0.0	0.0	0.0	1.0	2.0	0.0	0.0	0.0	0.0	0.0	0.0	1.0	0.0	0.0	0.0	0.0	0.0	0.0	0.0	0.0	1.0	1.0	1.0	0.0	0.0	0.0	1.0	
chr5.trna17	0.0	0.0	0.0	0.0	2.0	1.0	2.0	0.0	1.0	0.0	1.0	0.0	1.0	0.0	8.0	0.0	1.0	2.0	0.0	0.0	0.0	1.0	0.0	3.0	1.0	1.0	0.0	0.0	0.0	1.0	0.0	0.0	0.0	5.0	0.0	2.0	0.0	0.0	0.0	2.0	
chr5.trna16	0.0	0.0	0.0	0.0	2.0	1.0	3.0	3.0	0.0	0.0	1.0	0.0	2.0	1.0	8.0	1.0	1.0	2.0	0.0	1.0	0.0	0.0	0.0	3.0	1.0	0.0	0.0	0.0	0.0	1.0	1.0	0.0	0.0	5.0	0.0	2.0	0.0	0.0	0.0	2.0	
chr5.trna19	0.0	0.0	0.0	0.0	2.0	1.0	2.0	0.0	0.0	0.0	1.0	0.0	1.0	0.0	8.0	0.0	1.0	2.0	0.0	0.0	0.0	1.0	0.0	3.0	1.0	0.0	0.0	0.0	0.0	1.0	0.0	0.0	0.0	4.0	1.0	2.0	0.0	0.0	0.0	2.0	
chr5.trna18	858.0	725.0	939.0	1901.0	696.0	1197.0	562.0	476.0	310.0	222.0	1175.0	760.0	670.0	869.0	501.0	1069.0	841.0	780.0	983.0	821.0	435.0	434.0	472.0	1393.0	749.0	450.0	1047.0	634.0	237.0	646.0	708.0	501.0	651.0	1276.0	1060.0	1130.0	964.0	837.0	1086.0	619.0	
chr1.trna12	0.0	0.0	0.0	0.0	0.0	0.0	0.0	0.0	0.0	0.0	0.0	0.0	0.0	0.0	0.0	1.0	0.0	0.0	0.0	0.0	0.0	0.0	0.0	0.0	0.0	0.0	0.0	0.0	0.0	0.0	0.0	0.0	0.0	0.0	0.0	1.0	0.0	0.0	0.0	0.0	
chr1.trna13	0.0	0.0	0.0	0.0	0.0	0.0	0.0	0.0	0.0	0.0	0.0	0.0	0.0	0.0	0.0	0.0	0.0	0.0	0.0	0.0	0.0	0.0	0.0	0.0	0.0	0.0	0.0	0.0	0.0	0.0	0.0	0.0	0.0	1.0	0.0	0.0	0.0	0.0	0.0	0.0	
chr1.trna15	0.0	0.0	0.0	0.0	0.0	0.0	0.0	0.0	0.0	0.0	0.0	0.0	0.0	0.0	0.0	0.0	0.0	0.0	0.0	0.0	0.0	0.0	0.0	1.0	0.0	0.0	0.0	0.0	0.0	0.0	0.0	0.0	0.0	0.0	0.0	0.0	0.0	4.0	1.0	0.0	
chr17.trna40	0.0	0.0	0.0	0.0	1.0	1.0	0.0	0.0	0.0	0.0	0.0	1.0	0.0	0.0	0.0	0.0	0.0	0.0	0.0	0.0	0.0	0.0	0.0	0.0	1.0	0.0	0.0	0.0	0.0	0.0	0.0	0.0	0.0	1.0	0.0	1.0	0.0	0.0	0.0	0.0	
chr9.trna10	0.0	0.0	0.0	0.0	0.0	0.0	0.0	1.0	0.0	0.0	0.0	0.0	0.0	0.0	0.0	0.0	0.0	0.0	0.0	0.0	1.0	1.0	0.0	0.0	0.0	0.0	0.0	0.0	0.0	0.0	0.0	0.0	0.0	0.0	0.0	0.0	0.0	0.0	0.0	0.0	
chr17.trna41	1.0	0.0	0.0	0.0	4.0	1.0	2.0	0.0	0.0	0.0	1.0	1.0	1.0	0.0	1.0	2.0	1.0	3.0	1.0	1.0	0.0	0.0	1.0	1.0	2.0	3.0	3.0	0.0	1.0	1.0	3.0	1.0	1.0	2.0	2.0	3.0	2.0	1.0	2.0	0.0	
chr1.trna10	90.0	45.0	34.0	199.0	60.0	21.0	47.0	52.0	31.0	12.0	30.0	29.0	45.0	54.0	12.0	44.0	35.0	69.0	44.0	102.0	35.0	29.0	27.0	163.0	34.0	26.0	126.0	30.0	12.0	57.0	69.0	18.0	20.0	182.0	90.0	322.0	55.0	18.0	68.0	23.0	
chr17.trna42	6.0	17.0	7.0	10.0	22.0	5.0	1.0	6.0	42.0	5.0	9.0	6.0	7.0	2.0	4.0	1.0	6.0	4.0	13.0	3.0	8.0	2.0	33.0	6.0	9.0	3.0	15.0	10.0	6.0	9.0	16.0	22.0	25.0	14.0	16.0	4.0	36.0	17.0	5.0	14.0	
chr5.trna11	0.0	0.0	0.0	1.0	1.0	1.0	0.0	0.0	0.0	2.0	1.0	0.0	1.0	0.0	0.0	0.0	0.0	1.0	0.0	0.0	1.0	0.0	1.0	0.0	0.0	0.0	0.0	0.0	1.0	0.0	1.0	1.0	5.0	0.0	1.0	1.0	0.0	0.0	0.0	2.0	
chr5.trna10	0.0	0.0	0.0	1.0	1.0	1.0	0.0	0.0	0.0	3.0	1.0	0.0	1.0	0.0	0.0	0.0	0.0	1.0	0.0	0.0	1.0	0.0	1.0	0.0	0.0	0.0	0.0	0.0	1.0	0.0	1.0	1.0	5.0	1.0	1.0	1.0	0.0	0.0	0.0	2.0	
chr1.trna11	0.0	0.0	0.0	0.0	0.0	0.0	0.0	0.0	0.0	1.0	0.0	0.0	0.0	0.0	0.0	0.0	1.0	0.0	0.0	0.0	0.0	0.0	0.0	1.0	2.0	2.0	0.0	1.0	0.0	0.0	0.0	0.0	0.0	0.0	0.0	0.0	0.0	1.0	0.0	0.0	
chr1.trna45	3.0	0.0	0.0	1.0	0.0	1.0	0.0	7.0	0.0	1.0	1.0	0.0	1.0	1.0	0.0	0.0	3.0	2.0	0.0	6.0	1.0	0.0	0.0	3.0	2.0	1.0	1.0	1.0	0.0	0.0	1.0	0.0	1.0	3.0	1.0	2.0	2.0	2.0	1.0	0.0	
chr1.trna46	0.0	0.0	0.0	0.0	2.0	1.0	1.0	1.0	2.0	0.0	0.0	1.0	0.0	0.0	0.0	0.0	1.0	0.0	0.0	4.0	0.0	1.0	0.0	4.0	1.0	0.0	2.0	2.0	1.0	2.0	1.0	0.0	0.0	2.0	0.0	0.0	1.0	0.0	2.0	2.0	
chr5.trna9	0.0	0.0	0.0	0.0	0.0	0.0	0.0	0.0	0.0	0.0	0.0	0.0	0.0	0.0	0.0	0.0	0.0	0.0	0.0	0.0	0.0	0.0	0.0	0.0	0.0	0.0	0.0	0.0	0.0	0.0	0.0	0.0	1.0	0.0	0.0	0.0	0.0	0.0	0.0	0.0	
chr5.trna8	0.0	0.0	0.0	1.0	0.0	0.0	0.0	0.0	0.0	0.0	0.0	0.0	0.0	0.0	0.0	0.0	0.0	0.0	0.0	0.0	0.0	0.0	0.0	0.0	0.0	0.0	0.0	0.0	0.0	0.0	0.0	0.0	1.0	0.0	0.0	0.0	0.0	0.0	0.0	0.0	
chr1.trna47	0.0	0.0	0.0	0.0	0.0	0.0	0.0	0.0	0.0	0.0	0.0	0.0	0.0	0.0	0.0	0.0	0.0	0.0	0.0	0.0	0.0	0.0	0.0	0.0	0.0	0.0	0.0	0.0	0.0	0.0	0.0	0.0	0.0	0.0	0.0	0.0	0.0	0.0	0.0	1.0	
chr5.trna7	0.0	0.0	0.0	1.0	0.0	0.0	0.0	0.0	0.0	0.0	0.0	0.0	0.0	0.0	0.0	0.0	0.0	0.0	0.0	0.0	0.0	0.0	0.0	0.0	0.0	0.0	0.0	0.0	0.0	0.0	0.0	0.0	1.0	0.0	0.0	0.0	0.0	0.0	0.0	0.0	
chr1.trna42	25.0	11.0	28.0	57.0	30.0	23.0	16.0	20.0	4.0	7.0	23.0	27.0	25.0	26.0	13.0	27.0	35.0	41.0	18.0	47.0	21.0	16.0	11.0	46.0	35.0	20.0	43.0	21.0	2.0	28.0	22.0	17.0	11.0	45.0	40.0	38.0	24.0	26.0	41.0	6.0	
chr1.trna43	0.0	0.0	0.0	0.0	0.0	0.0	0.0	0.0	0.0	0.0	0.0	0.0	0.0	0.0	0.0	0.0	0.0	0.0	0.0	1.0	0.0	0.0	0.0	0.0	0.0	0.0	1.0	0.0	0.0	0.0	0.0	0.0	0.0	0.0	0.0	0.0	0.0	0.0	0.0	0.0	
chr1.trna44	1.0	1.0	0.0	0.0	0.0	0.0	0.0	1.0	1.0	1.0	0.0	0.0	0.0	0.0	0.0	1.0	1.0	1.0	0.0	2.0	0.0	1.0	1.0	0.0	0.0	0.0	1.0	0.0	1.0	0.0	0.0	0.0	0.0	1.0	0.0	0.0	1.0	0.0	0.0	0.0	
chr5.trna2	0.0	0.0	2.0	0.0	0.0	0.0	1.0	0.0	1.0	0.0	0.0	0.0	0.0	0.0	0.0	0.0	1.0	0.0	0.0	1.0	0.0	0.0	0.0	0.0	0.0	1.0	2.0	3.0	0.0	1.0	0.0	0.0	0.0	1.0	2.0	0.0	2.0	0.0	2.0	0.0	
chr1.trna27	0.0	0.0	0.0	0.0	0.0	1.0	0.0	0.0	0.0	0.0	0.0	0.0	0.0	0.0	0.0	0.0	0.0	0.0	0.0	0.0	0.0	0.0	0.0	0.0	0.0	0.0	0.0	0.0	0.0	0.0	0.0	0.0	0.0	0.0	0.0	0.0	0.0	0.0	0.0	0.0	
chr1.trna28	0.0	0.0	0.0	0.0	0.0	0.0	0.0	0.0	0.0	0.0	0.0	0.0	0.0	0.0	0.0	0.0	0.0	0.0	0.0	0.0	0.0	0.0	0.0	0.0	0.0	0.0	0.0	0.0	0.0	0.0	0.0	0.0	0.0	1.0	0.0	0.0	0.0	0.0	0.0	0.0	
chr1.trna29	0.0	0.0	0.0	0.0	0.0	0.0	0.0	0.0	0.0	0.0	0.0	0.0	0.0	1.0	0.0	0.0	0.0	0.0	0.0	0.0	0.0	1.0	0.0	0.0	0.0	0.0	0.0	0.0	0.0	0.0	0.0	0.0	0.0	0.0	0.0	0.0	0.0	0.0	0.0	0.0	
chr5.trna3	0.0	0.0	0.0	0.0	0.0	0.0	0.0	0.0	0.0	0.0	0.0	0.0	3.0	0.0	0.0	0.0	1.0	0.0	0.0	0.0	0.0	0.0	0.0	1.0	0.0	1.0	0.0	0.0	0.0	0.0	0.0	0.0	0.0	0.0	0.0	0.0	0.0	1.0	0.0	0.0	
chr1.trna32	3.0	0.0	0.0	1.0	1.0	0.0	0.0	1.0	1.0	0.0	1.0	0.0	1.0	0.0	0.0	1.0	1.0	0.0	0.0	2.0	1.0	3.0	1.0	1.0	0.0	3.0	2.0	1.0	0.0	1.0	0.0	0.0	0.0	1.0	2.0	1.0	0.0	1.0	1.0	0.0	
chr15.trna7	1.0	2.0	4.0	4.0	0.0	2.0	4.0	3.0	0.0	0.0	2.0	2.0	5.0	3.0	0.0	4.0	0.0	2.0	0.0	1.0	1.0	1.0	1.0	0.0	0.0	2.0	2.0	2.0	0.0	0.0	2.0	0.0	2.0	2.0	1.0	1.0	0.0	1.0	1.0	0.0	
chr15.trna5	1.0	0.0	1.0	7.0	1.0	0.0	2.0	2.0	0.0	0.0	2.0	0.0	3.0	2.0	0.0	6.0	3.0	2.0	0.0	2.0	2.0	0.0	0.0	2.0	1.0	1.0	3.0	0.0	0.0	1.0	0.0	0.0	1.0	3.0	2.0	9.0	2.0	0.0	3.0	3.0	
chr15.trna4	23.0	11.0	19.0	20.0	21.0	15.0	27.0	21.0	20.0	7.0	19.0	12.0	29.0	30.0	13.0	26.0	27.0	23.0	17.0	21.0	14.0	34.0	19.0	26.0	28.0	20.0	48.0	19.0	4.0	12.0	13.0	18.0	17.0	25.0	34.0	29.0	30.0	13.0	23.0	23.0	
chr15.trna3	1.0	0.0	4.0	2.0	0.0	1.0	1.0	2.0	3.0	2.0	4.0	1.0	4.0	0.0	0.0	5.0	4.0	4.0	2.0	1.0	2.0	3.0	4.0	2.0	0.0	1.0	2.0	4.0	0.0	1.0	2.0	4.0	1.0	2.0	12.0	1.0	3.0	4.0	11.0	3.0	
chr15.trna2	3.0	0.0	2.0	3.0	1.0	1.0	0.0	30.0	0.0	1.0	1.0	5.0	3.0	5.0	2.0	7.0	4.0	6.0	1.0	2.0	3.0	1.0	0.0	3.0	7.0	1.0	4.0	1.0	0.0	3.0	4.0	1.0	1.0	6.0	2.0	4.0	3.0	2.0	5.0	0.0	
chr17.trna19	0.0	0.0	0.0	0.0	0.0	0.0	0.0	0.0	0.0	0.0	0.0	0.0	0.0	0.0	0.0	0.0	0.0	0.0	0.0	0.0	0.0	0.0	0.0	0.0	0.0	0.0	0.0	0.0	0.0	0.0	0.0	0.0	0.0	0.0	0.0	1.0	1.0	0.0	0.0	0.0	
chr17.trna15	0.0	1.0	0.0	0.0	0.0	1.0	3.0	4.0	0.0	1.0	0.0	0.0	0.0	0.0	1.0	2.0	0.0	0.0	0.0	1.0	0.0	0.0	0.0	0.0	0.0	1.0	1.0	0.0	0.0	0.0	2.0	0.0	1.0	0.0	2.0	1.0	0.0	1.0	2.0	0.0	
chr17.trna16	0.0	0.0	0.0	0.0	0.0	0.0	0.0	2.0	0.0	0.0	0.0	0.0	0.0	0.0	0.0	0.0	1.0	0.0	0.0	0.0	0.0	0.0	0.0	1.0	0.0	0.0	0.0	0.0	0.0	0.0	0.0	0.0	0.0	0.0	0.0	0.0	0.0	0.0	0.0	0.0	
chr17.trna17	14.0	2.0	5.0	16.0	4.0	1.0	0.0	9.0	2.0	0.0	2.0	1.0	9.0	3.0	4.0	1.0	1.0	6.0	2.0	7.0	2.0	0.0	0.0	7.0	3.0	6.0	7.0	3.0	0.0	2.0	0.0	0.0	0.0	10.0	2.0	11.0	0.0	0.0	2.0	0.0	
chr17.trna18	0.0	0.0	0.0	0.0	0.0	0.0	0.0	0.0	0.0	0.0	0.0	0.0	0.0	0.0	0.0	0.0	0.0	0.0	0.0	0.0	0.0	0.0	0.0	0.0	0.0	0.0	0.0	0.0	0.0	0.0	0.0	0.0	0.0	0.0	1.0	0.0	0.0	1.0	0.0	0.0	
chr8.trna8	12.0	6.0	5.0	12.0	9.0	9.0	6.0	16.0	1.0	2.0	8.0	3.0	7.0	21.0	2.0	6.0	1.0	6.0	8.0	18.0	1.0	10.0	1.0	18.0	4.0	14.0	22.0	4.0	3.0	3.0	5.0	5.0	6.0	20.0	9.0	37.0	8.0	5.0	5.0	5.0	
chr8.trna6	0.0	1.0	0.0	0.0	0.0	0.0	3.0	1.0	0.0	0.0	0.0	1.0	0.0	0.0	0.0	1.0	0.0	0.0	0.0	0.0	0.0	0.0	0.0	1.0	1.0	2.0	0.0	0.0	0.0	0.0	0.0	1.0	0.0	0.0	0.0	0.0	0.0	0.0	0.0	0.0	
chr17.trna11	24.0	13.0	36.0	49.0	37.0	20.0	12.0	10.0	5.0	8.0	35.0	32.0	13.0	12.0	14.0	23.0	64.0	47.0	27.0	55.0	13.0	29.0	11.0	71.0	61.0	11.0	47.0	22.0	4.0	22.0	18.0	19.0	15.0	43.0	39.0	23.0	42.0	41.0	49.0	16.0	
chr7.trna4	0.0	0.0	0.0	0.0	0.0	0.0	1.0	0.0	0.0	0.0	0.0	0.0	0.0	0.0	0.0	0.0	0.0	0.0	0.0	0.0	0.0	0.0	0.0	0.0	0.0	0.0	0.0	0.0	0.0	0.0	0.0	0.0	0.0	0.0	0.0	0.0	0.0	0.0	0.0	0.0	
chr17.trna12	19.0	10.0	11.0	39.0	9.0	4.0	81.0	55.0	11.0	2.0	37.0	5.0	34.0	39.0	32.0	53.0	13.0	31.0	23.0	39.0	12.0	70.0	8.0	54.0	18.0	50.0	43.0	10.0	11.0	8.0	20.0	6.0	15.0	45.0	44.0	52.0	35.0	6.0	36.0	17.0	
chr7.trna3	0.0	0.0	0.0	0.0	0.0	0.0	0.0	0.0	0.0	0.0	0.0	0.0	0.0	0.0	0.0	0.0	0.0	0.0	0.0	0.0	0.0	0.0	0.0	0.0	0.0	0.0	0.0	0.0	1.0	0.0	0.0	0.0	0.0	0.0	0.0	0.0	0.0	0.0	1.0	0.0	
chr17.trna13	0.0	0.0	0.0	0.0	0.0	0.0	0.0	0.0	0.0	0.0	1.0	0.0	0.0	0.0	0.0	0.0	0.0	0.0	1.0	0.0	0.0	0.0	0.0	0.0	0.0	0.0	0.0	0.0	0.0	0.0	0.0	0.0	0.0	0.0	0.0	0.0	0.0	0.0	0.0	0.0	
chr17.trna14	53.0	0.0	5.0	60.0	9.0	19.0	187.0	181.0	11.0	9.0	1.0	36.0	76.0	17.0	5.0	9.0	7.0	10.0	7.0	17.0	1.0	8.0	3.0	30.0	14.0	146.0	40.0	6.0	20.0	16.0	150.0	26.0	19.0	54.0	20.0	2.0	34.0	3.0	6.0	0.0	
chr17.trna10	16.0	14.0	18.0	28.0	13.0	16.0	8.0	14.0	11.0	9.0	9.0	19.0	18.0	20.0	7.0	9.0	8.0	15.0	10.0	12.0	4.0	6.0	9.0	20.0	14.0	5.0	24.0	12.0	1.0	8.0	13.0	11.0	11.0	29.0	25.0	17.0	17.0	6.0	8.0	5.0	
chr17.trna3	4.0	1.0	2.0	3.0	4.0	1.0	6.0	0.0	0.0	0.0	1.0	2.0	6.0	3.0	2.0	1.0	3.0	7.0	2.0	3.0	3.0	3.0	1.0	7.0	2.0	1.0	6.0	3.0	2.0	1.0	4.0	0.0	2.0	11.0	3.0	3.0	5.0	0.0	7.0	0.0	
chr1.trna121	0.0	0.0	0.0	0.0	0.0	0.0	0.0	0.0	0.0	0.0	1.0	0.0	2.0	0.0	0.0	0.0	0.0	1.0	0.0	1.0	0.0	0.0	0.0	0.0	0.0	0.0	0.0	0.0	0.0	0.0	0.0	0.0	0.0	1.0	0.0	0.0	0.0	0.0	1.0	0.0	
chr1.trna120	8.0	4.0	5.0	9.0	7.0	1.0	4.0	2.0	1.0	1.0	8.0	2.0	7.0	6.0	5.0	5.0	4.0	7.0	5.0	11.0	3.0	4.0	0.0	20.0	7.0	4.0	11.0	6.0	1.0	10.0	9.0	3.0	4.0	28.0	10.0	11.0	10.0	6.0	12.0	2.0	
chr17.trna2	0.0	0.0	0.0	0.0	0.0	0.0	0.0	0.0	0.0	0.0	0.0	0.0	0.0	0.0	0.0	0.0	0.0	0.0	0.0	0.0	0.0	0.0	0.0	0.0	0.0	0.0	1.0	0.0	0.0	0.0	1.0	0.0	0.0	2.0	0.0	0.0	0.0	0.0	0.0	0.0	
chr1.trna123	1.0	0.0	1.0	3.0	0.0	4.0	0.0	1.0	0.0	0.0	1.0	2.0	4.0	1.0	0.0	0.0	1.0	2.0	0.0	1.0	0.0	0.0	0.0	0.0	3.0	3.0	3.0	1.0	0.0	1.0	2.0	0.0	0.0	2.0	1.0	3.0	0.0	0.0	2.0	0.0	
chr17.trna1	0.0	0.0	0.0	0.0	0.0	0.0	0.0	0.0	0.0	0.0	1.0	0.0	0.0	0.0	1.0	0.0	0.0	0.0	0.0	0.0	0.0	0.0	0.0	0.0	0.0	0.0	1.0	0.0	0.0	0.0	0.0	0.0	0.0	1.0	0.0	0.0	0.0	0.0	0.0	0.0	
chr1.trna122	0.0	0.0	1.0	3.0	0.0	4.0	0.0	1.0	0.0	0.0	1.0	2.0	4.0	1.0	0.0	0.0	1.0	2.0	0.0	1.0	0.0	0.0	0.0	0.0	2.0	3.0	3.0	0.0	0.0	1.0	2.0	0.0	0.0	2.0	1.0	3.0	0.0	0.0	2.0	0.0	
chr7.trna9	0.0	0.0	0.0	0.0	0.0	1.0	0.0	0.0	0.0	0.0	0.0	0.0	0.0	0.0	0.0	0.0	0.0	0.0	0.0	0.0	0.0	0.0	0.0	0.0	0.0	0.0	0.0	0.0	0.0	0.0	0.0	0.0	0.0	0.0	0.0	0.0	0.0	0.0	0.0	0.0	
chr7.trna8	12.0	5.0	20.0	19.0	10.0	19.0	9.0	20.0	2.0	5.0	23.0	8.0	14.0	17.0	2.0	20.0	25.0	15.0	20.0	9.0	5.0	12.0	10.0	10.0	18.0	13.0	5.0	12.0	1.0	13.0	12.0	11.0	2.0	33.0	25.0	8.0	22.0	11.0	20.0	5.0	
chr17.trna26	0.0	0.0	0.0	0.0	0.0	0.0	0.0	0.0	0.0	0.0	0.0	0.0	0.0	0.0	0.0	1.0	0.0	0.0	0.0	0.0	0.0	0.0	0.0	0.0	0.0	0.0	0.0	0.0	0.0	0.0	0.0	0.0	0.0	0.0	0.0	0.0	1.0	0.0	1.0	0.0	
chr17.trna27	1.0	0.0	0.0	2.0	0.0	0.0	0.0	2.0	0.0	0.0	1.0	1.0	0.0	0.0	0.0	1.0	1.0	1.0	1.0	0.0	0.0	0.0	0.0	0.0	1.0	0.0	2.0	1.0	1.0	1.0	3.0	0.0	0.0	3.0	0.0	1.0	3.0	0.0	2.0	0.0	
chr17.trna28	0.0	0.0	0.0	0.0	0.0	0.0	0.0	0.0	0.0	0.0	0.0	0.0	0.0	0.0	0.0	1.0	0.0	0.0	0.0	0.0	0.0	0.0	0.0	0.0	0.0	2.0	0.0	0.0	0.0	0.0	0.0	0.0	0.0	0.0	0.0	0.0	0.0	0.0	0.0	0.0	
chr7.trna5	109.0	134.0	125.0	226.0	150.0	52.0	37.0	46.0	132.0	53.0	196.0	53.0	49.0	131.0	15.0	209.0	74.0	81.0	134.0	83.0	118.0	40.0	62.0	145.0	39.0	31.0	183.0	86.0	8.0	25.0	116.0	54.0	51.0	152.0	341.0	171.0	185.0	40.0	231.0	144.0	
chr17.trna29	0.0	0.0	0.0	0.0	0.0	0.0	0.0	0.0	0.0	0.0	0.0	0.0	0.0	0.0	0.0	1.0	0.0	0.0	0.0	0.0	0.0	0.0	0.0	0.0	0.0	0.0	0.0	0.0	0.0	0.0	0.0	0.0	0.0	0.0	0.0	0.0	0.0	0.0	0.0	0.0	
chr17.trna9	104.0	24.0	57.0	99.0	82.0	178.0	122.0	88.0	57.0	32.0	84.0	44.0	103.0	160.0	15.0	79.0	58.0	59.0	90.0	84.0	40.0	88.0	69.0	90.0	81.0	123.0	117.0	79.0	71.0	71.0	98.0	116.0	121.0	119.0	148.0	66.0	133.0	62.0	177.0	30.0	
chr17.trna8	1.0	0.0	0.0	0.0	1.0	0.0	0.0	0.0	0.0	1.0	1.0	1.0	1.0	0.0	0.0	1.0	0.0	0.0	0.0	1.0	0.0	1.0	0.0	0.0	0.0	0.0	0.0	0.0	0.0	0.0	0.0	1.0	0.0	1.0	0.0	2.0	0.0	0.0	2.0	0.0	
chr1.trna125	2.0	1.0	2.0	3.0	1.0	4.0	0.0	2.0	0.0	1.0	3.0	3.0	6.0	1.0	0.0	2.0	1.0	2.0	0.0	1.0	0.0	0.0	0.0	1.0	3.0	4.0	5.0	1.0	0.0	1.0	2.0	0.0	0.0	3.0	2.0	4.0	1.0	0.0	2.0	0.0	
chr17.trna7	1.0	0.0	0.0	0.0	1.0	0.0	0.0	0.0	0.0	1.0	1.0	1.0	1.0	0.0	0.0	1.0	0.0	0.0	0.0	1.0	0.0	1.0	0.0	0.0	0.0	0.0	0.0	0.0	0.0	0.0	0.0	1.0	0.0	0.0	0.0	0.0	0.0	0.0	2.0	0.0	
chr1.trna124	1.0	1.0	1.0	3.0	1.0	4.0	0.0	2.0	0.0	0.0	2.0	3.0	4.0	1.0	0.0	1.0	1.0	2.0	0.0	1.0	0.0	0.0	0.0	1.0	3.0	3.0	4.0	1.0	1.0	1.0	2.0	0.0	0.0	3.0	2.0	4.0	0.0	0.0	2.0	0.0	
chr17.trna6	1.0	0.0	0.0	0.0	1.0	0.0	0.0	0.0	0.0	1.0	1.0	1.0	1.0	0.0	0.0	1.0	0.0	0.0	0.0	1.0	0.0	1.0	0.0	0.0	0.0	0.0	0.0	0.0	0.0	0.0	0.0	1.0	0.0	1.0	0.0	0.0	0.0	0.0	2.0	0.0	
chr17.trna5	1.0	0.0	0.0	0.0	1.0	0.0	0.0	0.0	0.0	1.0	1.0	1.0	1.0	0.0	0.0	1.0	0.0	0.0	0.0	1.0	0.0	1.0	0.0	0.0	0.0	0.0	0.0	0.0	0.0	0.0	0.0	1.0	0.0	1.0	0.0	0.0	0.0	0.0	2.0	0.0	
chr1.trna127	0.0	0.0	0.0	0.0	0.0	2.0	0.0	0.0	1.0	0.0	0.0	0.0	1.0	0.0	0.0	1.0	0.0	1.0	0.0	0.0	0.0	0.0	0.0	0.0	0.0	0.0	0.0	0.0	0.0	0.0	0.0	0.0	0.0	0.0	0.0	0.0	1.0	0.0	0.0	0.0	
chr17.trna4	1.0	1.0	2.0	0.0	4.0	0.0	0.0	0.0	0.0	0.0	1.0	1.0	1.0	0.0	0.0	0.0	0.0	0.0	0.0	1.0	0.0	1.0	1.0	1.0	0.0	0.0	3.0	1.0	0.0	1.0	0.0	1.0	0.0	1.0	0.0	0.0	0.0	1.0	3.0	3.0	
chr1.trna126	1.0	425.0	9.0	8.0	8.0	9.0	4.0	4.0	3.0	8.0	18.0	10.0	2.0	661.0	1.0	12.0	17.0	13.0	16.0	12.0	14.0	9.0	7.0	10.0	3.0	5.0	27.0	15.0	1.0	6.0	8.0	4.0	11.0	9.0	19.0	7.0	14.0	19.0	17.0	7.0	
chr6.trna15	0.0	0.0	0.0	2.0	1.0	1.0	1.0	0.0	0.0	0.0	0.0	0.0	0.0	0.0	4.0	0.0	0.0	0.0	1.0	0.0	0.0	0.0	0.0	2.0	1.0	2.0	0.0	1.0	0.0	1.0	1.0	0.0	1.0	3.0	0.0	4.0	0.0	0.0	0.0	0.0	
chr8.trna1	0.0	0.0	0.0	0.0	0.0	0.0	0.0	0.0	0.0	0.0	0.0	0.0	0.0	1.0	0.0	0.0	1.0	0.0	1.0	0.0	0.0	0.0	0.0	0.0	0.0	0.0	0.0	0.0	0.0	0.0	0.0	0.0	0.0	0.0	0.0	1.0	0.0	0.0	0.0	0.0	
chr6.trna16	0.0	0.0	0.0	1.0	0.0	1.0	0.0	0.0	0.0	0.0	0.0	0.0	1.0	0.0	4.0	0.0	0.0	0.0	2.0	1.0	0.0	0.0	0.0	1.0	1.0	0.0	0.0	0.0	0.0	1.0	2.0	1.0	2.0	4.0	0.0	2.0	0.0	0.0	0.0	0.0	
chr6.trna13	0.0	0.0	0.0	0.0	0.0	1.0	0.0	0.0	0.0	0.0	0.0	0.0	0.0	0.0	3.0	0.0	0.0	0.0	1.0	0.0	0.0	0.0	0.0	0.0	0.0	0.0	0.0	0.0	0.0	0.0	1.0	0.0	0.0	2.0	0.0	1.0	0.0	0.0	0.0	0.0	
chr8.trna3	0.0	0.0	0.0	0.0	0.0	0.0	0.0	0.0	1.0	0.0	1.0	0.0	0.0	0.0	0.0	0.0	0.0	0.0	0.0	0.0	0.0	0.0	3.0	0.0	0.0	0.0	1.0	1.0	0.0	0.0	0.0	0.0	0.0	0.0	0.0	1.0	0.0	0.0	1.0	1.0	
chr6.trna14	14.0	18.0	15.0	17.0	27.0	21.0	25.0	20.0	20.0	4.0	16.0	14.0	29.0	31.0	21.0	12.0	13.0	21.0	11.0	30.0	15.0	11.0	11.0	17.0	23.0	14.0	39.0	17.0	12.0	9.0	24.0	9.0	8.0	25.0	23.0	12.0	15.0	8.0	6.0	7.0	
chr8.trna2	12.0	12.0	9.0	11.0	19.0	11.0	16.0	11.0	13.0	9.0	8.0	11.0	18.0	11.0	3.0	8.0	11.0	20.0	5.0	26.0	17.0	13.0	10.0	23.0	13.0	16.0	25.0	11.0	12.0	4.0	12.0	18.0	15.0	25.0	20.0	8.0	23.0	5.0	12.0	6.0	
chr6.trna19	0.0	0.0	0.0	1.0	0.0	1.0	0.0	0.0	0.0	0.0	0.0	0.0	0.0	0.0	4.0	0.0	0.0	0.0	1.0	0.0	0.0	0.0	0.0	0.0	0.0	0.0	0.0	0.0	0.0	1.0	0.0	0.0	0.0	2.0	0.0	0.0	0.0	0.0	0.0	0.0	
chr6.trna17	0.0	0.0	0.0	1.0	0.0	1.0	0.0	0.0	1.0	0.0	0.0	0.0	0.0	0.0	4.0	1.0	0.0	0.0	1.0	0.0	0.0	0.0	0.0	1.0	0.0	0.0	0.0	0.0	0.0	2.0	1.0	0.0	0.0	3.0	1.0	3.0	0.0	0.0	0.0	0.0	
chr6.trna18	0.0	0.0	0.0	1.0	0.0	1.0	0.0	0.0	0.0	0.0	0.0	0.0	0.0	0.0	4.0	0.0	0.0	0.0	1.0	0.0	0.0	0.0	0.0	0.0	0.0	0.0	0.0	0.0	0.0	1.0	0.0	0.0	0.0	2.0	0.0	0.0	0.0	0.0	0.0	0.0	
chr17.trna23	0.0	0.0	0.0	1.0	0.0	1.0	0.0	2.0	0.0	0.0	0.0	1.0	0.0	0.0	0.0	0.0	0.0	0.0	1.0	0.0	1.0	1.0	0.0	0.0	0.0	0.0	1.0	0.0	0.0	0.0	0.0	1.0	0.0	0.0	1.0	0.0	0.0	0.0	0.0	0.0	
chr17.trna24	0.0	0.0	0.0	0.0	0.0	0.0	0.0	0.0	0.0	0.0	0.0	0.0	0.0	0.0	0.0	0.0	0.0	0.0	0.0	0.0	0.0	0.0	0.0	1.0	0.0	0.0	0.0	0.0	0.0	0.0	0.0	0.0	0.0	0.0	0.0	0.0	0.0	0.0	0.0	0.0	
chr17.trna25	0.0	0.0	0.0	0.0	0.0	0.0	0.0	0.0	0.0	0.0	0.0	0.0	0.0	0.0	0.0	0.0	0.0	0.0	0.0	0.0	0.0	0.0	0.0	0.0	0.0	0.0	0.0	0.0	0.0	0.0	0.0	0.0	0.0	0.0	0.0	0.0	1.0	0.0	0.0	0.0	
chr6.trna11	1.0	0.0	1.0	1.0	0.0	1.0	0.0	0.0	0.0	0.0	0.0	0.0	0.0	0.0	0.0	0.0	0.0	0.0	0.0	0.0	0.0	0.0	0.0	0.0	0.0	0.0	0.0	0.0	0.0	0.0	1.0	0.0	0.0	2.0	0.0	0.0	0.0	0.0	0.0	0.0	
chr6.trna12	1.0	0.0	1.0	1.0	0.0	1.0	0.0	0.0	0.0	0.0	0.0	0.0	0.0	0.0	0.0	0.0	0.0	0.0	0.0	0.0	0.0	0.0	0.0	0.0	0.0	0.0	0.0	0.0	0.0	0.0	1.0	0.0	0.0	2.0	0.0	0.0	0.0	0.0	0.0	0.0	
chr17.trna21	103.0	151.0	130.0	239.0	99.0	75.0	125.0	382.0	104.0	57.0	148.0	80.0	73.0	236.0	29.0	172.0	57.0	108.0	93.0	81.0	142.0	67.0	54.0	136.0	133.0	106.0	212.0	55.0	12.0	68.0	99.0	56.0	42.0	179.0	199.0	71.0	97.0	56.0	118.0	80.0	
chr6.trna10	3.0	1.0	0.0	1.0	2.0	1.0	3.0	1.0	2.0	0.0	1.0	0.0	0.0	0.0	0.0	1.0	2.0	2.0	0.0	0.0	0.0	3.0	0.0	1.0	1.0	2.0	2.0	1.0	1.0	0.0	6.0	0.0	3.0	2.0	1.0	0.0	3.0	0.0	2.0	1.0	
chr1.trna110	4.0	1.0	2.0	15.0	12.0	10.0	4.0	0.0	0.0	1.0	10.0	8.0	9.0	4.0	5.0	9.0	7.0	12.0	8.0	16.0	1.0	4.0	4.0	12.0	6.0	3.0	25.0	4.0	1.0	8.0	4.0	9.0	5.0	30.0	29.0	15.0	15.0	2.0	5.0	2.0	
chr1.trna112	0.0	0.0	0.0	0.0	0.0	0.0	0.0	0.0	0.0	1.0	0.0	0.0	0.0	0.0	0.0	0.0	0.0	0.0	0.0	0.0	0.0	0.0	0.0	0.0	0.0	0.0	0.0	0.0	0.0	0.0	0.0	0.0	0.0	0.0	0.0	0.0	0.0	0.0	0.0	0.0	
chr1.trna111	0.0	0.0	0.0	1.0	0.0	0.0	0.0	0.0	0.0	0.0	0.0	0.0	1.0	0.0	0.0	0.0	0.0	0.0	0.0	0.0	0.0	0.0	0.0	0.0	2.0	0.0	1.0	0.0	0.0	0.0	0.0	0.0	0.0	0.0	0.0	1.0	0.0	0.0	0.0	0.0	
chr2.trna18	0.0	0.0	0.0	1.0	0.0	0.0	0.0	0.0	0.0	0.0	0.0	0.0	0.0	0.0	0.0	0.0	0.0	0.0	0.0	0.0	0.0	0.0	1.0	0.0	0.0	1.0	0.0	0.0	0.0	0.0	0.0	0.0	0.0	0.0	0.0	0.0	0.0	1.0	0.0	0.0	
chr2.trna17	5.0	10.0	24.0	20.0	13.0	10.0	2.0	30.0	2.0	8.0	28.0	13.0	12.0	17.0	1.0	23.0	23.0	15.0	35.0	16.0	25.0	20.0	18.0	19.0	13.0	8.0	23.0	15.0	0.0	8.0	32.0	7.0	10.0	19.0	35.0	7.0	31.0	7.0	45.0	13.0	
chr2.trna19	0.0	0.0	0.0	2.0	0.0	0.0	0.0	0.0	0.0	0.0	0.0	0.0	0.0	0.0	0.0	0.0	0.0	0.0	0.0	0.0	0.0	0.0	1.0	0.0	0.0	1.0	0.0	0.0	0.0	0.0	0.0	0.0	0.0	0.0	0.0	0.0	0.0	1.0	0.0	0.0	
chr1.trna118	0.0	0.0	0.0	0.0	0.0	0.0	0.0	0.0	0.0	0.0	0.0	0.0	0.0	0.0	0.0	0.0	0.0	0.0	1.0	1.0	0.0	0.0	0.0	0.0	0.0	0.0	0.0	0.0	0.0	0.0	0.0	0.0	0.0	0.0	0.0	0.0	0.0	0.0	0.0	0.0	
chr1.trna117	0.0	0.0	1.0	0.0	0.0	0.0	2.0	0.0	0.0	0.0	0.0	0.0	0.0	2.0	0.0	1.0	1.0	0.0	0.0	0.0	0.0	0.0	2.0	0.0	0.0	0.0	0.0	0.0	0.0	0.0	0.0	0.0	0.0	1.0	1.0	0.0	0.0	0.0	0.0	0.0	
chr1.trna119	0.0	0.0	0.0	0.0	0.0	0.0	0.0	1.0	1.0	0.0	1.0	0.0	0.0	0.0	0.0	0.0	2.0	0.0	1.0	0.0	0.0	0.0	0.0	1.0	1.0	0.0	1.0	0.0	0.0	0.0	1.0	0.0	0.0	0.0	0.0	0.0	1.0	0.0	0.0	0.0	
chr1.trna116	0.0	3.0	11.0	2.0	3.0	6.0	0.0	2.0	1.0	1.0	6.0	2.0	0.0	5.0	2.0	1.0	4.0	3.0	2.0	2.0	3.0	2.0	3.0	3.0	6.0	1.0	3.0	5.0	0.0	4.0	3.0	1.0	1.0	4.0	11.0	2.0	2.0	3.0	40.0	2.0	
chr1.trna115	0.0	0.0	0.0	0.0	0.0	0.0	0.0	0.0	0.0	0.0	0.0	0.0	0.0	0.0	0.0	0.0	1.0	0.0	0.0	0.0	0.0	0.0	1.0	0.0	0.0	0.0	1.0	0.0	0.0	0.0	0.0	0.0	2.0	1.0	0.0	0.0	0.0	0.0	0.0	0.0	
chr2.trna2	20.0	5.0	12.0	39.0	20.0	9.0	84.0	21.0	3.0	26.0	29.0	76.0	79.0	50.0	16.0	54.0	29.0	60.0	39.0	87.0	17.0	62.0	13.0	127.0	82.0	50.0	128.0	25.0	18.0	12.0	65.0	22.0	36.0	235.0	83.0	5.0	65.0	11.0	38.0	8.0	
chr6.trna26	0.0	0.0	0.0	0.0	0.0	0.0	0.0	0.0	0.0	0.0	0.0	0.0	0.0	0.0	3.0	0.0	0.0	0.0	1.0	0.0	0.0	0.0	0.0	0.0	0.0	0.0	0.0	0.0	0.0	1.0	0.0	0.0	0.0	1.0	0.0	0.0	0.0	0.0	0.0	0.0	
chr6.trna27	0.0	0.0	0.0	0.0	0.0	0.0	0.0	0.0	0.0	0.0	0.0	0.0	0.0	0.0	3.0	0.0	0.0	0.0	1.0	0.0	0.0	0.0	0.0	0.0	0.0	0.0	0.0	0.0	0.0	1.0	0.0	0.0	0.0	1.0	0.0	0.0	0.0	0.0	0.0	0.0	
chr2.trna3	0.0	0.0	0.0	0.0	0.0	0.0	0.0	0.0	0.0	0.0	0.0	0.0	0.0	0.0	0.0	1.0	0.0	0.0	0.0	0.0	0.0	0.0	0.0	0.0	0.0	0.0	0.0	0.0	0.0	0.0	0.0	0.0	0.0	0.0	0.0	0.0	0.0	0.0	1.0	0.0	
chr6.trna24	0.0	0.0	0.0	1.0	0.0	0.0	0.0	0.0	0.0	0.0	0.0	0.0	0.0	0.0	3.0	0.0	0.0	0.0	1.0	0.0	0.0	0.0	0.0	0.0	0.0	0.0	0.0	0.0	0.0	1.0	0.0	0.0	0.0	2.0	0.0	0.0	0.0	0.0	0.0	0.0	
chr2.trna4	0.0	0.0	0.0	0.0	0.0	0.0	2.0	0.0	0.0	0.0	0.0	0.0	0.0	1.0	0.0	0.0	0.0	0.0	0.0	1.0	0.0	0.0	0.0	0.0	0.0	0.0	0.0	0.0	0.0	0.0	0.0	0.0	0.0	0.0	0.0	0.0	0.0	0.0	0.0	0.0	
chr2.trna5	8.0	1.0	2.0	24.0	3.0	3.0	16.0	15.0	3.0	0.0	2.0	4.0	18.0	10.0	2.0	2.0	3.0	9.0	1.0	11.0	2.0	6.0	1.0	18.0	5.0	12.0	12.0	1.0	3.0	3.0	1.0	3.0	1.0	28.0	3.0	5.0	5.0	1.0	2.0	0.0	
chr6.trna25	0.0	0.0	0.0	0.0	0.0	0.0	0.0	1.0	0.0	0.0	0.0	0.0	0.0	0.0	0.0	0.0	0.0	0.0	0.0	0.0	0.0	0.0	0.0	0.0	0.0	0.0	0.0	0.0	0.0	0.0	0.0	0.0	0.0	0.0	0.0	0.0	0.0	0.0	0.0	0.0	
chr2.trna6	0.0	0.0	0.0	0.0	0.0	0.0	0.0	1.0	0.0	0.0	0.0	0.0	0.0	0.0	0.0	0.0	0.0	0.0	0.0	0.0	1.0	0.0	0.0	0.0	0.0	0.0	0.0	0.0	0.0	0.0	0.0	0.0	0.0	0.0	0.0	0.0	0.0	0.0	0.0	0.0	
chr2.trna7	0.0	0.0	0.0	0.0	0.0	0.0	0.0	1.0	0.0	0.0	0.0	0.0	0.0	0.0	0.0	0.0	0.0	0.0	0.0	0.0	0.0	0.0	0.0	0.0	0.0	0.0	0.0	0.0	0.0	0.0	0.0	0.0	0.0	0.0	0.0	0.0	0.0	0.0	0.0	0.0	
chr6.trna28	1.0	0.0	1.0	0.0	1.0	0.0	3.0	3.0	0.0	0.0	0.0	0.0	3.0	2.0	0.0	0.0	0.0	0.0	2.0	0.0	0.0	1.0	0.0	3.0	0.0	3.0	0.0	0.0	0.0	2.0	0.0	0.0	0.0	3.0	0.0	0.0	1.0	1.0	1.0	0.0	
chr2.trna9	1.0	1.0	0.0	0.0	0.0	2.0	1.0	0.0	0.0	1.0	0.0	0.0	1.0	0.0	2.0	0.0	0.0	2.0	0.0	1.0	1.0	0.0	0.0	1.0	0.0	0.0	1.0	2.0	0.0	1.0	0.0	0.0	0.0	1.0	0.0	3.0	0.0	0.0	0.0	0.0	
chr6.trna29	2.0	1.0	1.0	0.0	0.0	2.0	0.0	1.0	3.0	1.0	1.0	0.0	1.0	0.0	1.0	2.0	0.0	0.0	1.0	0.0	0.0	0.0	2.0	1.0	1.0	0.0	0.0	2.0	1.0	1.0	0.0	0.0	1.0	0.0	1.0	0.0	1.0	1.0	0.0	0.0	
chr16.trna31	81.0	55.0	116.0	153.0	44.0	34.0	36.0	114.0	11.0	50.0	251.0	76.0	92.0	98.0	43.0	317.0	173.0	150.0	111.0	119.0	102.0	141.0	32.0	122.0	83.0	82.0	112.0	48.0	13.0	46.0	69.0	50.0	53.0	151.0	222.0	165.0	156.0	87.0	258.0	54.0	
chr2.trna25	0.0	0.0	0.0	0.0	0.0	0.0	0.0	0.0	0.0	0.0	0.0	0.0	0.0	0.0	0.0	0.0	0.0	0.0	0.0	0.0	0.0	1.0	0.0	0.0	0.0	0.0	0.0	0.0	0.0	0.0	0.0	0.0	0.0	0.0	0.0	0.0	0.0	0.0	1.0	0.0	
chr16.trna30	10.0	6.0	18.0	24.0	7.0	3.0	8.0	17.0	2.0	4.0	21.0	10.0	17.0	10.0	9.0	25.0	26.0	25.0	16.0	12.0	16.0	17.0	8.0	16.0	11.0	15.0	11.0	4.0	2.0	4.0	8.0	6.0	6.0	21.0	29.0	17.0	15.0	5.0	20.0	8.0	
chr2.trna26	0.0	0.0	0.0	0.0	0.0	0.0	0.0	1.0	0.0	0.0	0.0	0.0	0.0	0.0	0.0	0.0	0.0	0.0	0.0	0.0	0.0	0.0	0.0	0.0	0.0	0.0	0.0	0.0	0.0	0.0	0.0	0.0	0.0	0.0	0.0	0.0	0.0	0.0	0.0	0.0	
chr2.trna21	0.0	0.0	0.0	1.0	0.0	0.0	0.0	0.0	0.0	0.0	0.0	0.0	0.0	1.0	1.0	0.0	0.0	0.0	0.0	0.0	0.0	0.0	1.0	0.0	0.0	1.0	0.0	0.0	0.0	0.0	0.0	0.0	0.0	0.0	0.0	0.0	0.0	2.0	0.0	0.0	
chr6.trna22	0.0	0.0	0.0	1.0	0.0	1.0	0.0	0.0	0.0	0.0	0.0	0.0	0.0	0.0	4.0	0.0	0.0	0.0	1.0	0.0	0.0	0.0	0.0	0.0	0.0	0.0	0.0	0.0	0.0	1.0	0.0	0.0	0.0	2.0	0.0	0.0	0.0	0.0	0.0	0.0	
chr2.trna20	0.0	0.0	0.0	2.0	0.0	0.0	0.0	0.0	0.0	0.0	0.0	0.0	0.0	0.0	0.0	0.0	0.0	0.0	0.0	0.0	0.0	0.0	1.0	0.0	0.0	1.0	0.0	0.0	0.0	0.0	0.0	0.0	0.0	0.0	0.0	0.0	0.0	1.0	0.0	0.0	
chr6.trna23	0.0	0.0	0.0	1.0	0.0	0.0	0.0	0.0	0.0	0.0	0.0	0.0	0.0	0.0	3.0	0.0	0.0	0.0	1.0	0.0	0.0	0.0	0.0	0.0	0.0	0.0	0.0	0.0	0.0	1.0	0.0	0.0	0.0	2.0	0.0	0.0	0.0	0.0	0.0	0.0	
chr6.trna20	0.0	0.0	0.0	1.0	0.0	1.0	0.0	0.0	0.0	0.0	0.0	0.0	0.0	0.0	4.0	0.0	0.0	0.0	1.0	0.0	0.0	0.0	0.0	0.0	0.0	0.0	0.0	0.0	0.0	1.0	0.0	0.0	0.0	2.0	0.0	0.0	0.0	0.0	0.0	0.0	
chr2.trna1	8.0	43.0	62.0	40.0	53.0	25.0	7.0	7.0	4.0	49.0	104.0	23.0	7.0	29.0	8.0	57.0	90.0	31.0	92.0	16.0	100.0	6.0	49.0	17.0	45.0	12.0	36.0	43.0	4.0	13.0	14.0	21.0	34.0	20.0	63.0	12.0	65.0	83.0	132.0	33.0	
chr16.trna32	0.0	0.0	0.0	1.0	0.0	0.0	0.0	1.0	0.0	0.0	0.0	0.0	0.0	0.0	0.0	0.0	0.0	0.0	0.0	0.0	0.0	0.0	0.0	1.0	0.0	1.0	1.0	0.0	0.0	0.0	0.0	0.0	0.0	0.0	0.0	1.0	0.0	0.0	0.0	0.0	
chr6.trna21	0.0	0.0	0.0	1.0	0.0	1.0	0.0	0.0	0.0	0.0	0.0	0.0	0.0	0.0	4.0	0.0	0.0	0.0	1.0	0.0	0.0	0.0	0.0	0.0	0.0	0.0	0.0	0.0	0.0	1.0	0.0	0.0	0.0	2.0	0.0	0.0	0.0	0.0	0.0	0.0	
chr2.trna22	0.0	0.0	0.0	0.0	0.0	1.0	0.0	0.0	0.0	0.0	0.0	0.0	0.0	0.0	0.0	0.0	0.0	0.0	0.0	0.0	0.0	0.0	0.0	0.0	0.0	0.0	0.0	0.0	0.0	0.0	0.0	0.0	0.0	0.0	0.0	0.0	1.0	0.0	0.0	0.0	
chr16.trna28	0.0	0.0	0.0	0.0	0.0	0.0	0.0	0.0	0.0	0.0	0.0	0.0	0.0	0.0	0.0	0.0	0.0	0.0	0.0	0.0	0.0	0.0	0.0	0.0	0.0	0.0	0.0	0.0	0.0	0.0	0.0	0.0	0.0	0.0	0.0	0.0	0.0	0.0	1.0	0.0	
chr16.trna27	159.0	227.0	229.0	270.0	138.0	242.0	215.0	216.0	140.0	55.0	124.0	95.0	143.0	233.0	74.0	152.0	90.0	106.0	69.0	154.0	174.0	117.0	126.0	204.0	195.0	194.0	309.0	128.0	99.0	93.0	181.0	136.0	130.0	179.0	204.0	57.0	182.0	208.0	87.0	114.0	
chr16.trna26	0.0	0.0	0.0	0.0	0.0	0.0	0.0	0.0	0.0	0.0	0.0	0.0	0.0	0.0	0.0	0.0	0.0	0.0	0.0	0.0	0.0	0.0	0.0	0.0	0.0	0.0	0.0	0.0	1.0	0.0	0.0	0.0	0.0	0.0	0.0	0.0	0.0	0.0	0.0	0.0	
chr16.trna25	0.0	0.0	0.0	0.0	1.0	0.0	0.0	0.0	1.0	0.0	0.0	0.0	2.0	3.0	0.0	0.0	0.0	0.0	0.0	0.0	0.0	1.0	1.0	0.0	1.0	4.0	0.0	0.0	0.0	0.0	1.0	0.0	1.0	2.0	3.0	1.0	0.0	0.0	1.0	0.0	
chr16.trna29	0.0	0.0	0.0	0.0	0.0	0.0	0.0	0.0	0.0	0.0	0.0	0.0	0.0	0.0	0.0	0.0	0.0	0.0	0.0	0.0	0.0	0.0	0.0	0.0	0.0	0.0	0.0	0.0	0.0	0.0	0.0	0.0	0.0	0.0	0.0	0.0	0.0	0.0	1.0	0.0	
chr1.trna107	1.0	2.0	2.0	12.0	10.0	9.0	2.0	0.0	0.0	1.0	10.0	6.0	3.0	4.0	4.0	2.0	4.0	10.0	7.0	10.0	1.0	2.0	4.0	8.0	4.0	1.0	17.0	3.0	0.0	3.0	3.0	7.0	5.0	18.0	23.0	11.0	13.0	2.0	5.0	3.0	
chr1.trna106	0.0	1.0	1.0	8.0	5.0	8.0	1.0	0.0	0.0	1.0	5.0	5.0	1.0	6.0	4.0	1.0	3.0	5.0	7.0	6.0	0.0	2.0	2.0	3.0	3.0	0.0	7.0	3.0	1.0	2.0	1.0	5.0	4.0	11.0	14.0	8.0	11.0	1.0	2.0	3.0	
chr1.trna109	2.0	2.0	2.0	12.0	11.0	10.0	2.0	0.0	0.0	1.0	10.0	8.0	6.0	4.0	4.0	6.0	5.0	11.0	8.0	15.0	1.0	3.0	4.0	8.0	6.0	1.0	24.0	4.0	0.0	7.0	4.0	8.0	5.0	23.0	29.0	12.0	15.0	2.0	6.0	3.0	
chr1.trna108	1.0	2.0	2.0	12.0	10.0	9.0	2.0	0.0	0.0	1.0	10.0	7.0	4.0	4.0	4.0	2.0	4.0	10.0	7.0	11.0	1.0	2.0	4.0	8.0	4.0	1.0	16.0	3.0	0.0	3.0	3.0	8.0	5.0	20.0	23.0	11.0	13.0	2.0	6.0	3.0	
chr1.trna103	0.0	0.0	0.0	1.0	1.0	0.0	1.0	0.0	0.0	0.0	2.0	1.0	2.0	1.0	0.0	0.0	2.0	0.0	1.0	1.0	0.0	0.0	0.0	1.0	1.0	0.0	0.0	0.0	0.0	0.0	2.0	2.0	1.0	0.0	4.0	0.0	0.0	0.0	0.0	0.0	
chr1.trna102	0.0	0.0	0.0	0.0	0.0	0.0	1.0	0.0	0.0	0.0	1.0	0.0	0.0	0.0	0.0	0.0	0.0	0.0	0.0	0.0	0.0	0.0	0.0	0.0	0.0	0.0	0.0	0.0	0.0	0.0	0.0	0.0	0.0	0.0	0.0	0.0	0.0	0.0	0.0	0.0	
chr1.trna105	0.0	0.0	0.0	0.0	0.0	0.0	0.0	1.0	0.0	0.0	0.0	1.0	0.0	0.0	0.0	0.0	0.0	2.0	0.0	0.0	0.0	1.0	0.0	0.0	0.0	0.0	0.0	0.0	0.0	0.0	3.0	1.0	0.0	2.0	0.0	0.0	1.0	0.0	0.0	0.0	
chr1.trna104	0.0	0.0	0.0	0.0	0.0	0.0	11.0	0.0	0.0	0.0	0.0	0.0	0.0	0.0	0.0	0.0	0.0	0.0	0.0	0.0	0.0	0.0	0.0	0.0	0.0	17.0	0.0	0.0	0.0	0.0	0.0	0.0	0.0	0.0	0.0	0.0	0.0	0.0	0.0	0.0	
chr1.trna92	0.0	0.0	0.0	0.0	0.0	1.0	0.0	0.0	0.0	0.0	0.0	1.0	0.0	1.0	0.0	0.0	1.0	0.0	0.0	1.0	1.0	1.0	0.0	0.0	0.0	0.0	0.0	0.0	0.0	0.0	0.0	0.0	0.0	0.0	1.0	0.0	0.0	0.0	1.0	0.0	
chr6.trna37	0.0	0.0	0.0	0.0	0.0	0.0	0.0	0.0	0.0	0.0	0.0	0.0	0.0	1.0	0.0	0.0	0.0	1.0	0.0	0.0	0.0	1.0	0.0	1.0	1.0	2.0	0.0	0.0	0.0	0.0	0.0	1.0	0.0	1.0	0.0	0.0	0.0	0.0	1.0	0.0	
chr6.trna38	0.0	0.0	1.0	0.0	0.0	0.0	2.0	1.0	0.0	0.0	0.0	0.0	0.0	1.0	1.0	0.0	0.0	0.0	1.0	0.0	0.0	0.0	0.0	1.0	1.0	3.0	1.0	0.0	0.0	0.0	0.0	0.0	0.0	2.0	0.0	0.0	0.0	0.0	4.0	0.0	
chr1.trna93	0.0	0.0	0.0	0.0	0.0	1.0	0.0	0.0	0.0	2.0	1.0	1.0	0.0	2.0	0.0	1.0	1.0	0.0	0.0	2.0	1.0	2.0	0.0	0.0	0.0	1.0	1.0	0.0	0.0	1.0	0.0	0.0	2.0	1.0	1.0	1.0	0.0	4.0	3.0	0.0	
chr1.trna94	0.0	0.0	0.0	0.0	0.0	1.0	0.0	0.0	0.0	0.0	0.0	1.0	0.0	0.0	0.0	0.0	1.0	0.0	0.0	1.0	1.0	1.0	0.0	0.0	0.0	0.0	0.0	0.0	0.0	0.0	0.0	0.0	0.0	0.0	1.0	0.0	0.0	0.0	0.0	0.0	
chr6.trna35	0.0	0.0	0.0	0.0	0.0	0.0	0.0	0.0	0.0	0.0	0.0	0.0	0.0	1.0	0.0	0.0	0.0	0.0	0.0	0.0	0.0	0.0	0.0	1.0	1.0	2.0	0.0	0.0	0.0	0.0	0.0	0.0	0.0	0.0	0.0	0.0	0.0	0.0	1.0	0.0	
chr6.trna36	11.0	0.0	22.0	36.0	16.0	12.0	5.0	9.0	2.0	6.0	21.0	6.0	13.0	10.0	4.0	17.0	15.0	9.0	27.0	13.0	4.0	6.0	5.0	28.0	20.0	9.0	25.0	11.0	5.0	10.0	8.0	2.0	14.0	12.0	19.0	9.0	18.0	26.0	30.0	15.0	
chr1.trna95	0.0	0.0	3.0	1.0	0.0	2.0	0.0	0.0	0.0	0.0	1.0	1.0	2.0	0.0	1.0	3.0	1.0	2.0	3.0	2.0	3.0	1.0	0.0	0.0	2.0	0.0	1.0	1.0	0.0	1.0	0.0	1.0	2.0	0.0	5.0	0.0	0.0	2.0	6.0	2.0	
chr1.trna90	0.0	0.0	0.0	0.0	0.0	1.0	0.0	0.0	0.0	0.0	0.0	1.0	0.0	1.0	0.0	0.0	1.0	0.0	0.0	1.0	1.0	1.0	0.0	0.0	0.0	0.0	0.0	0.0	0.0	0.0	0.0	0.0	0.0	0.0	1.0	0.0	0.0	0.0	1.0	0.0	
chr6.trna39	0.0	0.0	0.0	0.0	0.0	0.0	0.0	0.0	0.0	0.0	0.0	0.0	0.0	1.0	0.0	0.0	0.0	0.0	0.0	0.0	0.0	0.0	0.0	1.0	1.0	2.0	0.0	1.0	0.0	0.0	0.0	0.0	0.0	1.0	0.0	0.0	0.0	0.0	1.0	0.0	
chr1.trna91	0.0	0.0	0.0	0.0	0.0	1.0	0.0	0.0	0.0	0.0	0.0	1.0	0.0	1.0	0.0	0.0	1.0	0.0	0.0	1.0	1.0	1.0	0.0	0.0	0.0	0.0	0.0	0.0	0.0	0.0	0.0	0.0	0.0	0.0	1.0	0.0	0.0	0.0	1.0	0.0	
chr16.trna20	0.0	0.0	0.0	0.0	0.0	0.0	0.0	0.0	0.0	0.0	0.0	0.0	0.0	0.0	0.0	0.0	0.0	0.0	0.0	0.0	0.0	0.0	0.0	0.0	0.0	0.0	0.0	0.0	0.0	0.0	0.0	0.0	1.0	1.0	0.0	0.0	0.0	0.0	0.0	0.0	
chr6.trna30	1.0	0.0	0.0	0.0	1.0	0.0	0.0	1.0	0.0	0.0	0.0	0.0	0.0	0.0	0.0	1.0	2.0	2.0	2.0	0.0	0.0	0.0	0.0	0.0	0.0	0.0	1.0	0.0	0.0	0.0	0.0	1.0	1.0	0.0	0.0	0.0	0.0	1.0	0.0	0.0	
chr1.trna96	4.0	1.0	3.0	2.0	7.0	4.0	4.0	5.0	1.0	1.0	1.0	3.0	4.0	3.0	0.0	4.0	3.0	5.0	1.0	6.0	4.0	26.0	1.0	9.0	8.0	3.0	13.0	1.0	2.0	2.0	3.0	4.0	2.0	5.0	4.0	15.0	1.0	3.0	1.0	3.0	
chr6.trna33	0.0	0.0	0.0	0.0	0.0	0.0	0.0	0.0	0.0	0.0	0.0	0.0	0.0	1.0	0.0	0.0	0.0	0.0	0.0	0.0	0.0	0.0	0.0	1.0	1.0	3.0	0.0	0.0	0.0	0.0	0.0	0.0	0.0	0.0	0.0	0.0	0.0	0.0	1.0	0.0	
chr21.trna1	0.0	0.0	0.0	0.0	0.0	1.0	0.0	0.0	1.0	1.0	1.0	0.0	1.0	0.0	0.0	0.0	1.0	0.0	0.0	0.0	0.0	0.0	0.0	0.0	1.0	1.0	0.0	0.0	0.0	0.0	0.0	0.0	2.0	0.0	0.0	0.0	0.0	0.0	0.0	0.0	
chr6.trna34	0.0	0.0	0.0	0.0	0.0	0.0	0.0	0.0	0.0	0.0	0.0	0.0	0.0	1.0	0.0	0.0	0.0	0.0	0.0	0.0	0.0	0.0	0.0	1.0	1.0	2.0	0.0	0.0	0.0	0.0	0.0	0.0	0.0	0.0	0.0	0.0	1.0	0.0	1.0	0.0	
chr16.trna22	13.0	3.0	3.0	17.0	5.0	4.0	9.0	10.0	4.0	2.0	7.0	6.0	8.0	5.0	4.0	13.0	3.0	11.0	6.0	12.0	3.0	4.0	1.0	14.0	0.0	8.0	14.0	1.0	1.0	6.0	3.0	1.0	2.0	20.0	5.0	21.0	4.0	2.0	4.0	2.0	
chr1.trna98	1.0	0.0	1.0	3.0	1.0	0.0	5.0	13.0	1.0	0.0	2.0	4.0	4.0	1.0	1.0	1.0	1.0	1.0	1.0	3.0	0.0	1.0	5.0	0.0	0.0	2.0	6.0	0.0	3.0	1.0	0.0	3.0	2.0	2.0	4.0	1.0	2.0	0.0	4.0	1.0	
chr6.trna31	0.0	0.0	0.0	1.0	0.0	0.0	1.0	1.0	0.0	0.0	0.0	0.0	0.0	1.0	0.0	0.0	0.0	0.0	2.0	1.0	0.0	0.0	0.0	1.0	0.0	2.0	1.0	0.0	0.0	2.0	0.0	1.0	0.0	1.0	1.0	0.0	1.0	0.0	1.0	0.0	
chr1.trna99	6.0	5.0	10.0	9.0	16.0	7.0	2.0	0.0	5.0	10.0	15.0	4.0	8.0	14.0	16.0	12.0	29.0	7.0	19.0	13.0	4.0	12.0	10.0	12.0	16.0	6.0	9.0	25.0	3.0	2.0	5.0	11.0	18.0	30.0	18.0	14.0	30.0	31.0	38.0	17.0	
chr6.trna32	0.0	0.0	0.0	0.0	0.0	0.0	0.0	0.0	0.0	0.0	0.0	0.0	0.0	1.0	0.0	0.0	0.0	0.0	0.0	0.0	0.0	0.0	0.0	1.0	1.0	2.0	0.0	0.0	0.0	0.0	0.0	0.0	0.0	0.0	0.0	0.0	0.0	0.0	1.0	0.0	
chr13.trna4	0.0	0.0	0.0	0.0	0.0	0.0	0.0	0.0	0.0	1.0	0.0	1.0	0.0	0.0	0.0	0.0	0.0	0.0	0.0	0.0	0.0	0.0	0.0	0.0	0.0	0.0	0.0	0.0	0.0	0.0	0.0	0.0	0.0	0.0	0.0	0.0	0.0	0.0	0.0	0.0	
chr13.trna5	0.0	0.0	0.0	0.0	0.0	0.0	0.0	0.0	0.0	0.0	0.0	0.0	0.0	0.0	0.0	0.0	0.0	0.0	0.0	0.0	0.0	0.0	0.0	0.0	0.0	0.0	0.0	0.0	0.0	0.0	1.0	0.0	0.0	0.0	0.0	0.0	0.0	0.0	0.0	0.0	
chr13.trna2	0.0	0.0	0.0	1.0	0.0	0.0	0.0	0.0	0.0	0.0	0.0	0.0	0.0	0.0	0.0	0.0	0.0	0.0	0.0	0.0	0.0	0.0	1.0	0.0	0.0	0.0	0.0	0.0	0.0	0.0	0.0	0.0	0.0	0.0	0.0	0.0	0.0	0.0	0.0	0.0	
chr13.trna3	2.0	4.0	5.0	7.0	11.0	13.0	2.0	2.0	1.0	3.0	8.0	4.0	8.0	5.0	2.0	4.0	7.0	5.0	16.0	10.0	11.0	11.0	2.0	7.0	5.0	7.0	5.0	13.0	1.0	5.0	4.0	4.0	8.0	7.0	8.0	6.0	8.0	15.0	25.0	7.0	
chr6.trna48	0.0	0.0	0.0	0.0	0.0	0.0	0.0	0.0	0.0	0.0	0.0	0.0	0.0	0.0	0.0	0.0	1.0	1.0	0.0	0.0	0.0	0.0	0.0	0.0	1.0	0.0	1.0	0.0	0.0	0.0	0.0	0.0	0.0	0.0	1.0	0.0	0.0	0.0	0.0	0.0	
chr6.trna49	1.0	0.0	0.0	0.0	1.0	0.0	0.0	0.0	0.0	1.0	0.0	0.0	0.0	0.0	0.0	0.0	1.0	1.0	0.0	0.0	0.0	0.0	0.0	1.0	0.0	0.0	2.0	0.0	1.0	0.0	0.0	0.0	0.0	0.0	0.0	0.0	0.0	0.0	0.0	0.0	
chr6.trna46	0.0	0.0	0.0	0.0	0.0	0.0	0.0	0.0	0.0	0.0	0.0	0.0	0.0	0.0	0.0	0.0	1.0	1.0	0.0	0.0	0.0	0.0	0.0	0.0	1.0	0.0	1.0	0.0	0.0	0.0	0.0	0.0	0.0	0.0	1.0	0.0	0.0	0.0	0.0	0.0	
chr6.trna47	0.0	0.0	0.0	0.0	0.0	0.0	0.0	0.0	0.0	0.0	0.0	0.0	0.0	0.0	0.0	0.0	1.0	1.0	0.0	0.0	0.0	0.0	0.0	0.0	1.0	0.0	1.0	0.0	0.0	0.0	0.0	0.0	0.0	0.0	1.0	0.0	0.0	0.0	0.0	0.0	
chr6.trna40	7.0	8.0	10.0	23.0	10.0	30.0	6.0	10.0	5.0	2.0	16.0	11.0	5.0	13.0	4.0	10.0	14.0	9.0	13.0	6.0	4.0	5.0	6.0	12.0	7.0	9.0	16.0	12.0	2.0	8.0	12.0	5.0	8.0	13.0	17.0	4.0	7.0	18.0	19.0	11.0	
chr6.trna41	1.0	0.0	1.0	2.0	1.0	2.0	4.0	0.0	2.0	2.0	2.0	0.0	4.0	6.0	0.0	1.0	2.0	1.0	5.0	2.0	0.0	3.0	1.0	4.0	3.0	6.0	1.0	0.0	0.0	2.0	1.0	1.0	6.0	3.0	2.0	1.0	5.0	2.0	4.0	0.0	
chr6.trna44	0.0	0.0	0.0	0.0	0.0	0.0	0.0	0.0	0.0	0.0	0.0	0.0	0.0	0.0	0.0	0.0	0.0	0.0	0.0	0.0	0.0	0.0	0.0	0.0	1.0	0.0	0.0	0.0	0.0	0.0	0.0	0.0	0.0	1.0	1.0	0.0	0.0	0.0	0.0	0.0	
chr6.trna45	0.0	0.0	0.0	0.0	0.0	0.0	0.0	0.0	0.0	0.0	0.0	0.0	0.0	0.0	0.0	0.0	0.0	0.0	0.0	0.0	0.0	0.0	0.0	0.0	1.0	0.0	0.0	0.0	0.0	0.0	0.0	0.0	0.0	1.0	1.0	0.0	0.0	0.0	0.0	0.0	
chr6.trna42	1.0	0.0	0.0	0.0	0.0	0.0	0.0	0.0	0.0	0.0	0.0	0.0	0.0	1.0	0.0	0.0	0.0	0.0	0.0	0.0	0.0	0.0	0.0	0.0	1.0	2.0	1.0	1.0	0.0	0.0	0.0	0.0	0.0	1.0	0.0	0.0	0.0	1.0	0.0	0.0	
chr6.trna43	0.0	0.0	0.0	0.0	1.0	0.0	0.0	1.0	0.0	1.0	0.0	0.0	1.0	1.0	0.0	2.0	0.0	0.0	0.0	0.0	0.0	0.0	0.0	0.0	1.0	2.0	0.0	0.0	0.0	0.0	0.0	0.0	1.0	1.0	1.0	0.0	0.0	3.0	0.0	0.0	
chr20.trna1	2.0	1.0	7.0	3.0	2.0	3.0	2.0	0.0	1.0	1.0	1.0	1.0	1.0	2.0	0.0	2.0	4.0	0.0	2.0	1.0	0.0	0.0	0.0	1.0	4.0	2.0	3.0	2.0	2.0	2.0	0.0	0.0	0.0	4.0	0.0	1.0	4.0	1.0	2.0	1.0	
chr14.trna4	4.0	3.0	8.0	12.0	4.0	7.0	1.0	4.0	1.0	0.0	2.0	11.0	7.0	52.0	2.0	8.0	2.0	6.0	5.0	11.0	1.0	4.0	2.0	11.0	3.0	1.0	7.0	1.0	4.0	6.0	5.0	2.0	1.0	17.0	6.0	13.0	6.0	0.0	0.0	4.0	
chr6.trna59	0.0	0.0	0.0	0.0	0.0	0.0	0.0	0.0	0.0	0.0	0.0	0.0	0.0	0.0	0.0	0.0	1.0	0.0	0.0	0.0	0.0	0.0	0.0	0.0	0.0	0.0	1.0	0.0	1.0	0.0	0.0	0.0	0.0	0.0	0.0	0.0	0.0	0.0	0.0	0.0	
chr14.trna3	30.0	29.0	32.0	44.0	34.0	25.0	31.0	35.0	15.0	3.0	18.0	16.0	20.0	26.0	5.0	27.0	14.0	38.0	16.0	32.0	29.0	18.0	14.0	29.0	7.0	26.0	32.0	21.0	9.0	12.0	30.0	17.0	5.0	27.0	26.0	18.0	32.0	12.0	17.0	20.0	
chr6.trna57	1.0	2.0	0.0	2.0	1.0	0.0	1.0	0.0	0.0	1.0	5.0	0.0	1.0	0.0	0.0	1.0	1.0	2.0	1.0	1.0	0.0	1.0	1.0	1.0	1.0	0.0	1.0	1.0	0.0	0.0	1.0	0.0	1.0	1.0	0.0	1.0	0.0	0.0	0.0	1.0	
chr14.trna6	0.0	0.0	1.0	0.0	0.0	2.0	0.0	0.0	0.0	0.0	0.0	1.0	0.0	0.0	0.0	0.0	0.0	0.0	0.0	0.0	0.0	0.0	0.0	0.0	0.0	0.0	0.0	0.0	0.0	0.0	0.0	0.0	0.0	0.0	0.0	0.0	0.0	0.0	0.0	0.0	
chr14.trna5	9.0	8.0	8.0	4.0	10.0	7.0	7.0	1.0	6.0	3.0	12.0	10.0	4.0	7.0	1.0	4.0	5.0	10.0	8.0	11.0	14.0	12.0	2.0	13.0	9.0	4.0	21.0	6.0	4.0	7.0	11.0	12.0	4.0	14.0	12.0	3.0	7.0	7.0	11.0	2.0	
chr6.trna58	0.0	0.0	0.0	0.0	0.0	0.0	0.0	0.0	0.0	0.0	0.0	0.0	0.0	0.0	0.0	0.0	1.0	0.0	0.0	0.0	0.0	0.0	0.0	0.0	0.0	0.0	1.0	0.0	0.0	0.0	0.0	0.0	0.0	0.0	0.0	0.0	0.0	0.0	0.0	0.0	
chr14.trna2	8.0	14.0	22.0	19.0	7.0	44.0	1.0	3.0	36.0	8.0	22.0	10.0	3.0	43.0	2.0	11.0	21.0	13.0	12.0	3.0	6.0	2.0	12.0	15.0	1.0	4.0	17.0	18.0	3.0	6.0	12.0	7.0	14.0	19.0	26.0	6.0	23.0	19.0	46.0	37.0	
chr14.trna1	0.0	0.0	1.0	0.0	0.0	3.0	0.0	0.0	0.0	0.0	0.0	1.0	0.0	0.0	0.0	0.0	0.0	0.0	0.0	0.0	0.0	0.0	0.0	0.0	0.0	0.0	0.0	0.0	0.0	0.0	0.0	0.0	0.0	0.0	0.0	0.0	0.0	0.0	0.0	0.0	
chr6.trna51	0.0	0.0	0.0	0.0	0.0	0.0	1.0	0.0	0.0	0.0	0.0	0.0	0.0	0.0	0.0	0.0	1.0	0.0	0.0	0.0	0.0	0.0	0.0	0.0	0.0	0.0	1.0	0.0	0.0	0.0	0.0	0.0	0.0	0.0	0.0	1.0	0.0	0.0	0.0	0.0	
chr6.trna52	0.0	0.0	0.0	0.0	0.0	0.0	0.0	1.0	0.0	0.0	0.0	0.0	0.0	0.0	0.0	0.0	1.0	0.0	0.0	0.0	0.0	1.0	0.0	0.0	0.0	0.0	1.0	0.0	0.0	0.0	0.0	0.0	0.0	0.0	0.0	0.0	0.0	0.0	0.0	0.0	
chr8.trna11	0.0	0.0	0.0	0.0	0.0	0.0	0.0	0.0	0.0	0.0	0.0	0.0	0.0	0.0	0.0	0.0	0.0	0.0	0.0	0.0	0.0	0.0	0.0	0.0	0.0	0.0	0.0	0.0	0.0	0.0	0.0	0.0	0.0	1.0	0.0	0.0	0.0	0.0	0.0	0.0	
chr6.trna50	0.0	0.0	1.0	0.0	0.0	0.0	0.0	0.0	1.0	0.0	0.0	0.0	1.0	0.0	0.0	0.0	1.0	0.0	0.0	0.0	0.0	0.0	0.0	0.0	0.0	0.0	1.0	0.0	0.0	0.0	0.0	0.0	0.0	2.0	0.0	0.0	0.0	0.0	0.0	0.0	
chr6.trna55	0.0	1.0	1.0	0.0	0.0	0.0	0.0	1.0	0.0	1.0	1.0	0.0	0.0	1.0	1.0	4.0	1.0	1.0	0.0	1.0	0.0	0.0	1.0	0.0	1.0	0.0	2.0	0.0	0.0	0.0	1.0	0.0	1.0	0.0	1.0	1.0	2.0	4.0	0.0	0.0	
chr14.trna8	0.0	0.0	0.0	0.0	0.0	0.0	0.0	0.0	2.0	0.0	1.0	1.0	1.0	1.0	0.0	1.0	0.0	1.0	0.0	0.0	0.0	0.0	1.0	1.0	1.0	0.0	2.0	1.0	0.0	1.0	0.0	0.0	1.0	1.0	1.0	0.0	0.0	0.0	1.0	0.0	
chr6.trna56	0.0	0.0	0.0	0.0	0.0	0.0	0.0	0.0	0.0	0.0	0.0	0.0	0.0	0.0	0.0	0.0	1.0	0.0	0.0	0.0	0.0	0.0	0.0	0.0	0.0	0.0	1.0	0.0	0.0	0.0	0.0	0.0	0.0	0.0	0.0	0.0	0.0	0.0	0.0	0.0	
chr6.trna53	4.0	1.0	1.0	1.0	2.0	2.0	4.0	4.0	1.0	2.0	1.0	0.0	2.0	2.0	2.0	0.0	1.0	1.0	0.0	2.0	1.0	2.0	0.0	2.0	2.0	5.0	1.0	0.0	0.0	1.0	1.0	0.0	0.0	1.0	2.0	0.0	0.0	1.0	1.0	0.0	
chr6.trna54	0.0	0.0	0.0	0.0	0.0	0.0	0.0	0.0	0.0	1.0	0.0	0.0	0.0	0.0	0.0	0.0	1.0	0.0	0.0	0.0	0.0	0.0	0.0	0.0	0.0	0.0	1.0	0.0	0.0	0.0	1.0	0.0	0.0	0.0	0.0	0.0	0.0	0.0	0.0	0.0	
chr3.trna9	0.0	0.0	0.0	0.0	0.0	0.0	0.0	0.0	0.0	0.0	0.0	0.0	0.0	0.0	0.0	0.0	0.0	0.0	0.0	0.0	0.0	0.0	1.0	0.0	0.0	0.0	1.0	0.0	0.0	0.0	0.0	0.0	0.0	0.0	0.0	0.0	0.0	0.0	0.0	0.0	
chr1.trna60	0.0	0.0	0.0	0.0	0.0	0.0	0.0	0.0	0.0	0.0	0.0	0.0	0.0	0.0	1.0	0.0	0.0	1.0	0.0	0.0	0.0	0.0	0.0	0.0	0.0	0.0	0.0	0.0	1.0	1.0	0.0	0.0	0.0	0.0	0.0	0.0	0.0	0.0	0.0	0.0	
chr1.trna61	33.0	40.0	98.0	189.0	104.0	46.0	14.0	24.0	10.0	11.0	80.0	125.0	41.0	19.0	4.0	57.0	94.0	122.0	62.0	53.0	61.0	54.0	35.0	135.0	142.0	17.0	87.0	27.0	10.0	112.0	57.0	47.0	7.0	103.0	104.0	36.0	72.0	29.0	66.0	25.0	
chr1.trna62	1.0	0.0	0.0	1.0	0.0	0.0	0.0	0.0	0.0	0.0	1.0	0.0	1.0	0.0	0.0	0.0	0.0	0.0	0.0	0.0	0.0	1.0	0.0	0.0	1.0	0.0	1.0	1.0	1.0	2.0	0.0	0.0	1.0	2.0	0.0	1.0	0.0	0.0	0.0	0.0	
chr1.trna67	1.0	0.0	0.0	1.0	0.0	0.0	0.0	0.0	0.0	0.0	1.0	0.0	1.0	0.0	0.0	0.0	0.0	0.0	0.0	0.0	0.0	1.0	0.0	0.0	1.0	0.0	1.0	1.0	1.0	2.0	0.0	0.0	1.0	2.0	0.0	1.0	0.0	0.0	0.0	0.0	
chr1.trna68	1.0	0.0	0.0	1.0	0.0	0.0	0.0	0.0	0.0	0.0	1.0	0.0	1.0	0.0	0.0	0.0	0.0	0.0	0.0	0.0	0.0	1.0	0.0	0.0	1.0	0.0	1.0	1.0	1.0	2.0	0.0	0.0	1.0	2.0	0.0	1.0	0.0	0.0	0.0	0.0	
chr6.trna60	1.0	0.0	0.0	3.0	2.0	0.0	1.0	2.0	0.0	0.0	0.0	0.0	3.0	1.0	1.0	1.0	0.0	0.0	1.0	1.0	0.0	0.0	1.0	1.0	1.0	1.0	2.0	0.0	0.0	0.0	0.0	0.0	0.0	0.0	0.0	1.0	2.0	2.0	0.0	0.0	
chr1.trna69	1.0	0.0	0.0	1.0	0.0	0.0	0.0	0.0	0.0	0.0	1.0	0.0	1.0	0.0	0.0	0.0	0.0	0.0	0.0	0.0	0.0	1.0	0.0	0.0	1.0	0.0	1.0	1.0	1.0	2.0	0.0	0.0	1.0	2.0	0.0	1.0	0.0	0.0	0.0	0.0	
chr6.trna61	0.0	0.0	0.0	0.0	0.0	0.0	0.0	0.0	0.0	0.0	0.0	1.0	0.0	0.0	0.0	0.0	0.0	0.0	0.0	0.0	0.0	0.0	0.0	1.0	0.0	0.0	0.0	0.0	0.0	0.0	0.0	0.0	0.0	1.0	0.0	0.0	0.0	0.0	1.0	0.0	
chr1.trna63	1.0	0.0	0.0	1.0	0.0	0.0	0.0	0.0	0.0	0.0	1.0	0.0	1.0	0.0	0.0	0.0	0.0	0.0	0.0	0.0	0.0	1.0	0.0	0.0	1.0	0.0	1.0	1.0	1.0	2.0	0.0	0.0	1.0	2.0	0.0	1.0	0.0	0.0	0.0	0.0	
chr1.trna64	1.0	0.0	0.0	1.0	0.0	0.0	0.0	0.0	0.0	0.0	1.0	0.0	1.0	0.0	0.0	0.0	0.0	0.0	0.0	0.0	0.0	1.0	0.0	0.0	1.0	0.0	1.0	1.0	1.0	2.0	0.0	0.0	1.0	2.0	0.0	1.0	0.0	0.0	0.0	0.0	
chr1.trna65	1.0	0.0	0.0	1.0	0.0	0.0	0.0	0.0	0.0	0.0	1.0	0.0	1.0	0.0	0.0	0.0	0.0	0.0	0.0	0.0	0.0	1.0	0.0	0.0	1.0	0.0	1.0	1.0	1.0	2.0	0.0	0.0	1.0	2.0	0.0	1.0	0.0	0.0	0.0	0.0	
chr1.trna66	1.0	0.0	0.0	1.0	0.0	0.0	0.0	0.0	0.0	0.0	1.0	0.0	1.0	0.0	0.0	0.0	0.0	0.0	0.0	0.0	0.0	1.0	0.0	0.0	1.0	0.0	1.0	1.0	1.0	2.0	0.0	0.0	1.0	2.0	0.0	1.0	0.0	0.0	0.0	0.0	
chr12.trna9	0.0	0.0	1.0	0.0	0.0	0.0	0.0	0.0	0.0	0.0	0.0	0.0	0.0	0.0	0.0	0.0	0.0	2.0	0.0	0.0	0.0	0.0	0.0	0.0	0.0	0.0	0.0	0.0	0.0	0.0	0.0	0.0	0.0	0.0	0.0	0.0	0.0	0.0	0.0	0.0	
chr10.trna1	0.0	0.0	0.0	0.0	0.0	0.0	0.0	0.0	0.0	0.0	0.0	0.0	0.0	0.0	0.0	0.0	0.0	0.0	0.0	0.0	0.0	0.0	0.0	0.0	0.0	0.0	0.0	0.0	0.0	0.0	0.0	0.0	0.0	1.0	0.0	1.0	0.0	0.0	0.0	0.0	
chr10.trna2	4.0	4.0	7.0	39.0	5.0	14.0	20.0	16.0	20.0	8.0	10.0	5.0	21.0	41.0	7.0	5.0	6.0	11.0	11.0	9.0	3.0	7.0	8.0	16.0	7.0	16.0	13.0	9.0	6.0	8.0	13.0	6.0	12.0	20.0	7.0	14.0	10.0	13.0	7.0	7.0	
chr1.trna49	0.0	0.0	0.0	0.0	0.0	0.0	0.0	0.0	0.0	0.0	0.0	0.0	0.0	0.0	0.0	0.0	0.0	0.0	0.0	1.0	0.0	0.0	0.0	0.0	1.0	0.0	0.0	0.0	0.0	0.0	0.0	0.0	0.0	0.0	0.0	0.0	0.0	0.0	0.0	0.0	
chr12.trna1	2.0	1.0	1.0	5.0	1.0	0.0	2.0	3.0	0.0	1.0	2.0	1.0	2.0	0.0	5.0	4.0	1.0	2.0	3.0	3.0	0.0	1.0	0.0	5.0	1.0	1.0	1.0	1.0	1.0	1.0	0.0	1.0	1.0	1.0	2.0	2.0	1.0	1.0	0.0	0.0	
chr12.trna2	14.0	10.0	18.0	32.0	18.0	18.0	39.0	69.0	24.0	13.0	26.0	18.0	27.0	50.0	2.0	20.0	19.0	30.0	19.0	14.0	18.0	20.0	12.0	14.0	22.0	23.0	44.0	15.0	15.0	15.0	17.0	11.0	29.0	26.0	24.0	17.0	19.0	19.0	18.0	9.0	
chr12.trna3	0.0	1.0	0.0	0.0	1.0	0.0	0.0	0.0	0.0	0.0	0.0	0.0	0.0	0.0	0.0	0.0	1.0	0.0	0.0	0.0	1.0	0.0	1.0	0.0	0.0	0.0	0.0	0.0	0.0	0.0	0.0	0.0	0.0	0.0	0.0	1.0	0.0	0.0	0.0	1.0	
chr12.trna5	154.0	256.0	177.0	385.0	510.0	67.0	141.0	182.0	46.0	81.0	325.0	216.0	218.0	244.0	191.0	190.0	335.0	691.0	105.0	359.0	259.0	87.0	91.0	747.0	212.0	112.0	413.0	111.0	42.0	101.0	155.0	102.0	115.0	523.0	427.0	398.0	162.0	172.0	235.0	130.0	
chr12.trna6	20.0	33.0	24.0	15.0	17.0	8.0	11.0	7.0	10.0	3.0	17.0	10.0	10.0	14.0	9.0	7.0	7.0	12.0	13.0	20.0	18.0	8.0	16.0	15.0	6.0	10.0	22.0	15.0	1.0	4.0	7.0	11.0	6.0	23.0	20.0	9.0	15.0	14.0	12.0	18.0	
chr12.trna8	109.0	62.0	118.0	115.0	110.0	114.0	67.0	43.0	83.0	64.0	122.0	62.0	100.0	315.0	28.0	125.0	102.0	90.0	169.0	106.0	126.0	151.0	107.0	78.0	68.0	72.0	207.0	194.0	103.0	162.0	168.0	88.0	238.0	203.0	200.0	72.0	151.0	134.0	210.0	150.0	
chr3.trna7	0.0	0.0	0.0	0.0	0.0	0.0	0.0	0.0	0.0	0.0	0.0	0.0	0.0	1.0	0.0	0.0	0.0	0.0	0.0	0.0	0.0	0.0	0.0	0.0	0.0	0.0	0.0	0.0	0.0	0.0	0.0	0.0	0.0	0.0	0.0	0.0	0.0	0.0	0.0	0.0	
chr3.trna8	0.0	0.0	0.0	0.0	0.0	0.0	0.0	0.0	0.0	0.0	0.0	0.0	0.0	0.0	0.0	1.0	0.0	0.0	0.0	0.0	0.0	0.0	0.0	0.0	0.0	0.0	0.0	0.0	0.0	0.0	0.0	0.0	0.0	0.0	0.0	0.0	0.0	0.0	0.0	0.0	
chr6.trna79	0.0	1.0	1.0	0.0	0.0	0.0	0.0	1.0	0.0	0.0	1.0	0.0	0.0	1.0	0.0	0.0	0.0	0.0	1.0	0.0	0.0	0.0	0.0	0.0	0.0	0.0	1.0	0.0	0.0	0.0	0.0	0.0	0.0	0.0	0.0	0.0	0.0	0.0	1.0	0.0	
chr1.trna50	0.0	0.0	0.0	1.0	0.0	0.0	0.0	0.0	0.0	0.0	0.0	0.0	1.0	0.0	1.0	1.0	0.0	1.0	0.0	0.0	1.0	1.0	1.0	0.0	2.0	2.0	1.0	0.0	0.0	0.0	0.0	1.0	0.0	1.0	0.0	0.0	0.0	0.0	0.0	0.0	
chr3.trna6	6.0	10.0	65.0	24.0	24.0	22.0	6.0	5.0	7.0	9.0	26.0	5.0	15.0	17.0	7.0	26.0	35.0	9.0	27.0	17.0	14.0	7.0	21.0	17.0	19.0	6.0	20.0	34.0	0.0	13.0	6.0	16.0	9.0	22.0	59.0	8.0	23.0	13.0	50.0	15.0	
chr1.trna51	6.0	2.0	23.0	12.0	14.0	10.0	36.0	9.0	4.0	9.0	17.0	13.0	62.0	15.0	5.0	17.0	32.0	15.0	33.0	32.0	4.0	39.0	24.0	32.0	41.0	24.0	52.0	67.0	10.0	9.0	64.0	53.0	59.0	51.0	73.0	3.0	129.0	11.0	29.0	0.0	
chr3.trna3	0.0	0.0	0.0	0.0	0.0	0.0	0.0	0.0	0.0	0.0	0.0	0.0	0.0	0.0	0.0	0.0	1.0	0.0	0.0	0.0	0.0	0.0	0.0	0.0	0.0	0.0	0.0	0.0	0.0	0.0	1.0	0.0	0.0	0.0	0.0	0.0	0.0	0.0	0.0	0.0	
chr3.trna4	0.0	0.0	0.0	1.0	0.0	0.0	2.0	0.0	2.0	0.0	0.0	0.0	0.0	0.0	0.0	1.0	0.0	0.0	0.0	0.0	0.0	0.0	0.0	0.0	0.0	1.0	0.0	0.0	2.0	0.0	0.0	0.0	0.0	0.0	1.0	0.0	0.0	0.0	1.0	0.0	
chr3.trna1	0.0	0.0	0.0	1.0	0.0	0.0	0.0	0.0	0.0	0.0	0.0	0.0	1.0	0.0	0.0	0.0	1.0	0.0	0.0	0.0	0.0	0.0	0.0	0.0	0.0	0.0	0.0	0.0	0.0	0.0	0.0	0.0	0.0	0.0	0.0	0.0	0.0	0.0	0.0	0.0	
chr3.trna2	0.0	1.0	0.0	0.0	0.0	1.0	0.0	0.0	0.0	0.0	0.0	0.0	0.0	0.0	0.0	0.0	1.0	0.0	0.0	0.0	0.0	0.0	0.0	0.0	1.0	0.0	0.0	0.0	0.0	0.0	0.0	0.0	0.0	0.0	0.0	0.0	0.0	0.0	0.0	0.0	
chr1.trna56	0.0	1.0	0.0	0.0	0.0	0.0	0.0	1.0	1.0	0.0	0.0	0.0	1.0	0.0	0.0	0.0	1.0	0.0	0.0	1.0	1.0	0.0	0.0	0.0	0.0	0.0	0.0	0.0	0.0	0.0	0.0	0.0	0.0	0.0	0.0	1.0	0.0	0.0	0.0	0.0	
chr1.trna57	0.0	1.0	0.0	0.0	0.0	0.0	0.0	0.0	0.0	0.0	0.0	0.0	0.0	0.0	0.0	0.0	0.0	0.0	0.0	0.0	0.0	0.0	0.0	0.0	1.0	0.0	0.0	0.0	0.0	0.0	0.0	1.0	0.0	0.0	0.0	0.0	0.0	0.0	0.0	0.0	
chr1.trna59	0.0	0.0	2.0	0.0	0.0	0.0	0.0	1.0	0.0	0.0	0.0	0.0	0.0	0.0	0.0	2.0	0.0	0.0	1.0	0.0	0.0	1.0	0.0	0.0	0.0	0.0	0.0	0.0	0.0	0.0	0.0	0.0	0.0	0.0	0.0	1.0	1.0	0.0	0.0	0.0	
chr1.trna52	0.0	0.0	0.0	0.0	0.0	0.0	0.0	1.0	0.0	0.0	0.0	0.0	0.0	0.0	0.0	0.0	0.0	0.0	0.0	0.0	0.0	0.0	0.0	0.0	0.0	0.0	0.0	0.0	0.0	0.0	0.0	0.0	0.0	0.0	0.0	0.0	0.0	0.0	0.0	0.0	
chr1.trna53	0.0	0.0	0.0	0.0	0.0	0.0	0.0	1.0	0.0	0.0	0.0	0.0	0.0	0.0	0.0	0.0	0.0	0.0	0.0	0.0	0.0	0.0	0.0	0.0	0.0	0.0	0.0	0.0	0.0	0.0	0.0	0.0	0.0	0.0	0.0	0.0	0.0	0.0	0.0	0.0	
chr6.trna78	0.0	0.0	0.0	0.0	0.0	0.0	0.0	0.0	1.0	0.0	0.0	0.0	0.0	0.0	0.0	0.0	0.0	0.0	0.0	0.0	0.0	0.0	0.0	0.0	0.0	0.0	0.0	0.0	0.0	0.0	1.0	0.0	2.0	0.0	0.0	0.0	0.0	0.0	0.0	0.0	
chr1.trna54	160.0	313.0	192.0	371.0	209.0	353.0	177.0	126.0	210.0	202.0	263.0	223.0	171.0	359.0	67.0	166.0	151.0	263.0	164.0	170.0	229.0	214.0	310.0	143.0	123.0	138.0	243.0	203.0	252.0	259.0	131.0	263.0	219.0	223.0	246.0	93.0	144.0	438.0	213.0	335.0	
chr1.trna55	3.0	5.0	4.0	1.0	3.0	8.0	5.0	1.0	0.0	5.0	4.0	3.0	3.0	4.0	2.0	8.0	8.0	8.0	3.0	3.0	10.0	1.0	1.0	4.0	2.0	2.0	4.0	4.0	2.0	3.0	4.0	2.0	1.0	9.0	20.0	10.0	3.0	2.0	13.0	3.0	
chr16.trna16	13.0	0.0	7.0	24.0	4.0	4.0	43.0	71.0	4.0	11.0	21.0	10.0	17.0	19.0	3.0	34.0	10.0	16.0	12.0	25.0	6.0	17.0	3.0	39.0	8.0	35.0	19.0	3.0	4.0	5.0	10.0	2.0	2.0	17.0	31.0	35.0	14.0	3.0	15.0	3.0	
chr16.trna15	5.0	0.0	2.0	3.0	1.0	2.0	1.0	1.0	0.0	0.0	0.0	1.0	1.0	2.0	1.0	2.0	1.0	6.0	0.0	0.0	0.0	4.0	1.0	3.0	2.0	0.0	0.0	1.0	1.0	0.0	0.0	0.0	0.0	4.0	0.0	1.0	1.0	1.0	2.0	0.0	
chr16.trna14	8.0	0.0	5.0	8.0	2.0	6.0	5.0	2.0	0.0	0.0	3.0	8.0	8.0	2.0	4.0	8.0	2.0	12.0	1.0	4.0	1.0	7.0	1.0	14.0	5.0	4.0	2.0	2.0	1.0	0.0	2.0	7.0	1.0	9.0	6.0	8.0	1.0	1.0	5.0	0.0	
chr6.trna80	1.0	5.0	5.0	6.0	2.0	1.0	1.0	0.0	1.0	7.0	2.0	1.0	6.0	2.0	1.0	3.0	3.0	5.0	3.0	7.0	0.0	6.0	0.0	10.0	5.0	7.0	5.0	1.0	0.0	2.0	3.0	2.0	6.0	5.0	3.0	7.0	1.0	6.0	3.0	1.0	
chr6.trna81	210.0	135.0	236.0	419.0	163.0	313.0	403.0	344.0	122.0	85.0	184.0	199.0	264.0	494.0	176.0	210.0	133.0	233.0	141.0	242.0	160.0	234.0	181.0	269.0	265.0	392.0	454.0	166.0	157.0	150.0	300.0	188.0	192.0	288.0	293.0	122.0	241.0	192.0	140.0	124.0	
chr16.trna19	10.0	1.0	5.0	24.0	8.0	6.0	25.0	19.0	2.0	7.0	27.0	9.0	20.0	33.0	17.0	18.0	18.0	17.0	18.0	17.0	5.0	38.0	4.0	68.0	18.0	40.0	20.0	8.0	11.0	11.0	9.0	16.0	31.0	41.0	19.0	22.0	18.0	38.0	18.0	4.0	
chr16.trna18	0.0	0.0	0.0	0.0	0.0	0.0	0.0	0.0	0.0	0.0	0.0	0.0	0.0	0.0	0.0	0.0	0.0	0.0	0.0	0.0	0.0	0.0	0.0	0.0	0.0	0.0	0.0	0.0	0.0	0.0	0.0	0.0	0.0	0.0	0.0	1.0	0.0	0.0	0.0	0.0	
chr1.trna81	0.0	0.0	1.0	1.0	0.0	0.0	2.0	0.0	1.0	0.0	4.0	1.0	1.0	0.0	0.0	1.0	0.0	1.0	2.0	1.0	0.0	0.0	6.0	1.0	2.0	0.0	2.0	0.0	1.0	2.0	1.0	0.0	2.0	7.0	4.0	0.0	1.0	0.0	1.0	1.0	
chr1.trna82	1.0	0.0	0.0	0.0	0.0	0.0	0.0	0.0	0.0	0.0	0.0	0.0	0.0	0.0	0.0	0.0	0.0	0.0	0.0	0.0	0.0	0.0	0.0	1.0	0.0	0.0	0.0	1.0	0.0	0.0	0.0	0.0	0.0	0.0	0.0	0.0	0.0	0.0	0.0	0.0	
chr1.trna83	2.0	0.0	1.0	0.0	2.0	1.0	3.0	1.0	0.0	0.0	0.0	0.0	1.0	1.0	0.0	2.0	2.0	1.0	1.0	5.0	2.0	3.0	1.0	9.0	4.0	2.0	0.0	2.0	0.0	0.0	2.0	1.0	2.0	13.0	1.0	0.0	3.0	1.0	3.0	1.0	
chr1.trna80	0.0	0.0	0.0	0.0	0.0	0.0	0.0	0.0	0.0	0.0	0.0	0.0	0.0	0.0	0.0	0.0	0.0	0.0	0.0	0.0	0.0	0.0	0.0	0.0	0.0	0.0	1.0	0.0	0.0	0.0	0.0	0.0	0.0	0.0	0.0	0.0	0.0	0.0	0.0	0.0	
chr10.trna7	16.0	5.0	17.0	61.0	23.0	17.0	16.0	25.0	4.0	2.0	32.0	18.0	18.0	11.0	15.0	30.0	25.0	10.0	14.0	13.0	15.0	17.0	8.0	26.0	17.0	13.0	30.0	17.0	3.0	11.0	18.0	13.0	16.0	28.0	20.0	14.0	27.0	21.0	22.0	3.0	
chr1.trna89	0.0	0.0	0.0	0.0	0.0	1.0	0.0	0.0	0.0	0.0	0.0	1.0	0.0	1.0	0.0	1.0	1.0	0.0	0.0	1.0	2.0	1.0	0.0	0.0	0.0	0.0	0.0	0.0	0.0	0.0	0.0	0.0	0.0	0.0	1.0	0.0	1.0	0.0	1.0	4.0	
chr6.trna84	0.0	0.0	0.0	0.0	0.0	0.0	0.0	1.0	0.0	0.0	0.0	0.0	0.0	1.0	0.0	0.0	0.0	0.0	0.0	0.0	0.0	0.0	0.0	0.0	0.0	0.0	0.0	0.0	0.0	0.0	0.0	0.0	0.0	0.0	0.0	0.0	0.0	1.0	0.0	0.0	
chr6.trna85	0.0	0.0	0.0	0.0	0.0	0.0	0.0	0.0	0.0	0.0	0.0	0.0	0.0	1.0	1.0	0.0	0.0	1.0	0.0	0.0	0.0	1.0	0.0	0.0	0.0	0.0	0.0	0.0	0.0	0.0	0.0	0.0	0.0	0.0	0.0	0.0	0.0	1.0	0.0	0.0	
chr6.trna82	2.0	2.0	2.0	3.0	2.0	2.0	9.0	4.0	2.0	0.0	1.0	0.0	1.0	4.0	1.0	2.0	2.0	2.0	3.0	6.0	9.0	14.0	0.0	4.0	5.0	5.0	27.0	2.0	3.0	0.0	3.0	3.0	0.0	2.0	4.0	1.0	0.0	0.0	3.0	1.0	
chr16.trna13	5.0	1.0	2.0	5.0	2.0	5.0	2.0	2.0	0.0	0.0	2.0	7.0	7.0	3.0	2.0	6.0	2.0	10.0	1.0	0.0	0.0	6.0	1.0	9.0	3.0	1.0	0.0	1.0	1.0	0.0	1.0	2.0	1.0	8.0	3.0	5.0	1.0	1.0	3.0	0.0	
chr16.trna12	12.0	6.0	19.0	14.0	8.0	8.0	2.0	11.0	21.0	18.0	40.0	9.0	22.0	10.0	6.0	17.0	17.0	18.0	25.0	8.0	17.0	25.0	15.0	17.0	3.0	1.0	9.0	47.0	4.0	1.0	9.0	12.0	24.0	15.0	45.0	5.0	19.0	24.0	50.0	18.0	
chr1.trna86	235.0	341.0	637.0	397.0	605.0	335.0	92.0	120.0	100.0	588.0	1299.0	244.0	204.0	307.0	302.0	496.0	943.0	617.0	1117.0	465.0	906.0	257.0	518.0	595.0	472.0	116.0	459.0	592.0	48.0	174.0	174.0	295.0	483.0	637.0	976.0	412.0	597.0	1318.0	1571.0	444.0	
chr10.trna4	0.0	0.0	0.0	0.0	0.0	0.0	0.0	0.0	0.0	0.0	0.0	0.0	0.0	0.0	0.0	0.0	0.0	1.0	0.0	0.0	0.0	0.0	0.0	0.0	0.0	0.0	0.0	0.0	0.0	0.0	0.0	0.0	0.0	0.0	0.0	0.0	0.0	0.0	0.0	0.0	
chr16.trna11	7.0	0.0	8.0	8.0	5.0	10.0	6.0	7.0	2.0	4.0	89.0	15.0	19.0	12.0	12.0	101.0	32.0	18.0	34.0	7.0	3.0	14.0	7.0	17.0	8.0	4.0	13.0	74.0	5.0	7.0	9.0	10.0	281.0	25.0	189.0	21.0	49.0	60.0	157.0	11.0	
chr6.trna86	0.0	0.0	0.0	1.0	1.0	0.0	0.0	0.0	0.0	0.0	3.0	1.0	0.0	0.0	0.0	0.0	1.0	2.0	1.0	2.0	4.0	0.0	0.0	0.0	0.0	0.0	1.0	0.0	0.0	1.0	1.0	0.0	0.0	2.0	1.0	0.0	3.0	0.0	2.0	0.0	
chr16.trna10	4.0	0.0	2.0	4.0	2.0	5.0	1.0	1.0	0.0	0.0	1.0	3.0	5.0	1.0	2.0	6.0	1.0	10.0	1.0	0.0	0.0	2.0	1.0	6.0	2.0	1.0	0.0	1.0	1.0	0.0	0.0	1.0	0.0	6.0	1.0	3.0	1.0	1.0	2.0	0.0	
chr6.trna87	0.0	0.0	0.0	0.0	0.0	0.0	0.0	0.0	0.0	0.0	1.0	0.0	0.0	1.0	0.0	1.0	1.0	0.0	0.0	0.0	0.0	2.0	0.0	2.0	0.0	0.0	0.0	0.0	0.0	0.0	0.0	1.0	0.0	0.0	1.0	0.0	0.0	0.0	0.0	0.0	
chr1.trna88	0.0	0.0	0.0	0.0	0.0	0.0	0.0	0.0	0.0	0.0	0.0	0.0	0.0	0.0	0.0	1.0	1.0	0.0	0.0	0.0	0.0	1.0	0.0	0.0	1.0	0.0	0.0	1.0	0.0	0.0	0.0	0.0	0.0	0.0	1.0	0.0	0.0	0.0	0.0	0.0	
chr6.trna91	1.0	1.0	2.0	0.0	0.0	0.0	0.0	0.0	0.0	0.0	0.0	0.0	1.0	0.0	0.0	1.0	0.0	0.0	0.0	1.0	0.0	1.0	1.0	0.0	0.0	0.0	1.0	0.0	0.0	0.0	2.0	0.0	0.0	0.0	0.0	0.0	0.0	0.0	0.0	0.0	
chr1.trna70	1.0	0.0	0.0	1.0	0.0	0.0	0.0	0.0	0.0	0.0	1.0	0.0	1.0	0.0	0.0	0.0	0.0	0.0	0.0	0.0	0.0	1.0	0.0	0.0	1.0	0.0	1.0	1.0	1.0	2.0	0.0	0.0	1.0	2.0	0.0	1.0	0.0	0.0	0.0	0.0	
chr1.trna71	1.0	0.0	0.0	1.0	0.0	0.0	0.0	0.0	0.0	0.0	1.0	0.0	1.0	0.0	0.0	0.0	0.0	0.0	0.0	0.0	0.0	1.0	0.0	0.0	1.0	0.0	1.0	1.0	1.0	2.0	0.0	0.0	1.0	2.0	0.0	1.0	0.0	0.0	0.0	0.0	
chr1.trna72	1.0	0.0	0.0	1.0	0.0	0.0	0.0	0.0	0.0	0.0	1.0	0.0	1.0	0.0	0.0	0.0	0.0	0.0	0.0	0.0	0.0	1.0	0.0	0.0	1.0	0.0	1.0	1.0	1.0	2.0	0.0	0.0	1.0	2.0	0.0	1.0	0.0	0.0	0.0	0.0	
chr1.trna73	1.0	0.0	0.0	1.0	0.0	0.0	0.0	0.0	0.0	0.0	1.0	0.0	1.0	0.0	0.0	0.0	0.0	0.0	0.0	0.0	0.0	1.0	0.0	0.0	1.0	0.0	1.0	1.0	1.0	2.0	0.0	0.0	1.0	2.0	0.0	1.0	0.0	0.0	0.0	0.0	
chr1.trna2	1.0	0.0	1.0	1.0	1.0	0.0	0.0	1.0	1.0	0.0	1.0	2.0	0.0	1.0	1.0	0.0	2.0	2.0	1.0	4.0	0.0	2.0	0.0	4.0	1.0	0.0	3.0	2.0	1.0	2.0	0.0	0.0	1.0	5.0	0.0	0.0	0.0	3.0	1.0	0.0	
chr1.trna5	5.0	9.0	24.0	29.0	11.0	4.0	5.0	3.0	6.0	11.0	28.0	12.0	15.0	9.0	7.0	24.0	19.0	31.0	17.0	11.0	19.0	9.0	3.0	20.0	10.0	7.0	26.0	8.0	1.0	6.0	6.0	1.0	7.0	24.0	58.0	17.0	16.0	11.0	26.0	8.0	
chr1.trna78	1.0	0.0	2.0	2.0	0.0	2.0	0.0	0.0	0.0	1.0	2.0	0.0	2.0	0.0	4.0	4.0	0.0	9.0	0.0	0.0	0.0	1.0	0.0	1.0	2.0	0.0	3.0	0.0	1.0	2.0	2.0	0.0	0.0	5.0	2.0	2.0	0.0	0.0	1.0	0.0	
chr7.trna31	0.0	0.0	0.0	0.0	0.0	0.0	0.0	0.0	0.0	0.0	0.0	0.0	0.0	1.0	0.0	0.0	0.0	0.0	0.0	0.0	0.0	0.0	0.0	0.0	0.0	0.0	0.0	0.0	0.0	0.0	0.0	0.0	0.0	0.0	0.0	0.0	0.0	0.0	0.0	0.0	
chr2.trna14	0.0	0.0	0.0	0.0	0.0	0.0	0.0	0.0	0.0	0.0	0.0	0.0	0.0	0.0	0.0	0.0	0.0	0.0	1.0	0.0	0.0	1.0	0.0	0.0	0.0	0.0	0.0	0.0	0.0	0.0	0.0	0.0	0.0	0.0	0.0	0.0	0.0	0.0	0.0	0.0	
chr1.trna6	1.0	1.0	1.0	4.0	0.0	2.0	1.0	1.0	2.0	0.0	4.0	4.0	3.0	3.0	1.0	1.0	2.0	6.0	3.0	2.0	4.0	1.0	1.0	5.0	3.0	1.0	8.0	2.0	1.0	0.0	1.0	0.0	1.0	7.0	3.0	0.0	3.0	3.0	2.0	0.0	
chr1.trna79	0.0	1.0	0.0	0.0	0.0	0.0	0.0	0.0	0.0	0.0	0.0	0.0	0.0	0.0	0.0	0.0	0.0	0.0	0.0	0.0	0.0	0.0	0.0	0.0	1.0	0.0	0.0	0.0	0.0	0.0	0.0	0.0	0.0	0.0	0.0	1.0	0.0	0.0	1.0	0.0	
chr7.trna30	0.0	0.0	0.0	0.0	0.0	0.0	1.0	0.0	0.0	0.0	0.0	0.0	0.0	0.0	0.0	0.0	0.0	0.0	0.0	0.0	0.0	0.0	0.0	0.0	0.0	0.0	0.0	0.0	0.0	0.0	0.0	0.0	0.0	0.0	0.0	0.0	1.0	0.0	0.0	0.0	
chr2.trna13	0.0	0.0	0.0	0.0	0.0	0.0	0.0	0.0	0.0	0.0	0.0	0.0	0.0	0.0	0.0	0.0	1.0	0.0	0.0	0.0	0.0	0.0	0.0	0.0	0.0	0.0	0.0	1.0	1.0	0.0	0.0	0.0	1.0	0.0	0.0	0.0	0.0	1.0	0.0	1.0	
chr2.trna16	67.0	59.0	96.0	218.0	113.0	51.0	40.0	21.0	37.0	17.0	77.0	59.0	69.0	72.0	33.0	61.0	62.0	111.0	55.0	140.0	43.0	78.0	38.0	169.0	114.0	44.0	160.0	59.0	14.0	105.0	64.0	42.0	28.0	185.0	90.0	105.0	80.0	69.0	99.0	27.0	
chr1.trna3	0.0	0.0	1.0	0.0	0.0	0.0	1.0	0.0	1.0	0.0	1.0	1.0	0.0	1.0	0.0	1.0	0.0	0.0	1.0	0.0	0.0	0.0	0.0	0.0	0.0	0.0	0.0	0.0	0.0	0.0	0.0	0.0	0.0	0.0	0.0	0.0	0.0	1.0	0.0	0.0	
chr2.trna15	1.0	0.0	0.0	0.0	1.0	1.0	0.0	0.0	0.0	0.0	1.0	0.0	1.0	3.0	1.0	1.0	2.0	1.0	0.0	3.0	1.0	0.0	1.0	1.0	1.0	1.0	0.0	0.0	0.0	0.0	1.0	0.0	1.0	1.0	1.0	0.0	1.0	0.0	0.0	0.0	
chr1.trna4	3.0	1.0	1.0	4.0	1.0	2.0	1.0	1.0	2.0	0.0	3.0	4.0	2.0	1.0	1.0	1.0	3.0	8.0	2.0	1.0	4.0	1.0	1.0	7.0	6.0	0.0	8.0	2.0	1.0	0.0	1.0	0.0	1.0	9.0	3.0	2.0	3.0	3.0	2.0	0.0	
chr6.trna94	0.0	0.0	0.0	1.0	0.0	0.0	0.0	0.0	0.0	0.0	0.0	0.0	0.0	0.0	0.0	0.0	0.0	0.0	0.0	0.0	0.0	0.0	0.0	0.0	0.0	0.0	0.0	0.0	0.0	0.0	0.0	0.0	3.0	0.0	0.0	0.0	0.0	0.0	1.0	0.0	
chr1.trna74	1.0	0.0	0.0	1.0	0.0	0.0	0.0	0.0	0.0	0.0	1.0	0.0	1.0	0.0	0.0	0.0	0.0	0.0	0.0	0.0	0.0	1.0	0.0	0.0	1.0	0.0	1.0	1.0	1.0	2.0	0.0	0.0	1.0	2.0	0.0	1.0	0.0	0.0	0.0	0.0	
chr1.trna75	3.0	0.0	2.0	3.0	0.0	1.0	2.0	3.0	0.0	1.0	2.0	0.0	4.0	1.0	1.0	4.0	3.0	2.0	3.0	0.0	1.0	5.0	0.0	1.0	3.0	3.0	3.0	1.0	2.0	2.0	0.0	1.0	5.0	3.0	4.0	2.0	1.0	1.0	5.0	0.0	
chr11.trna1	0.0	1.0	3.0	1.0	0.0	0.0	2.0	1.0	5.0	1.0	0.0	0.0	0.0	0.0	0.0	0.0	1.0	0.0	2.0	0.0	1.0	0.0	0.0	0.0	0.0	0.0	1.0	0.0	0.0	0.0	0.0	1.0	1.0	0.0	2.0	0.0	0.0	0.0	0.0	0.0	
chr1.trna7	6.0	1.0	6.0	8.0	4.0	3.0	4.0	2.0	4.0	1.0	3.0	4.0	7.0	5.0	1.0	6.0	8.0	8.0	6.0	2.0	4.0	3.0	2.0	7.0	4.0	2.0	8.0	3.0	4.0	1.0	5.0	4.0	3.0	8.0	3.0	1.0	5.0	5.0	5.0	3.0	
chr1.trna76	1.0	0.0	0.0	1.0	0.0	0.0	0.0	0.0	0.0	0.0	1.0	0.0	1.0	0.0	0.0	0.0	0.0	0.0	0.0	0.0	0.0	1.0	0.0	0.0	1.0	0.0	1.0	0.0	1.0	2.0	0.0	0.0	0.0	2.0	0.0	1.0	0.0	0.0	0.0	0.0	
chr2.trna12	0.0	0.0	0.0	1.0	0.0	0.0	0.0	0.0	0.0	0.0	0.0	0.0	0.0	1.0	0.0	0.0	0.0	0.0	0.0	0.0	0.0	0.0	0.0	0.0	0.0	0.0	0.0	0.0	0.0	0.0	0.0	0.0	0.0	0.0	0.0	0.0	0.0	0.0	0.0	0.0	
chr1.trna77	1.0	0.0	0.0	1.0	0.0	0.0	0.0	0.0	0.0	0.0	1.0	0.0	1.0	0.0	0.0	0.0	0.0	0.0	0.0	0.0	0.0	1.0	0.0	0.0	1.0	0.0	1.0	0.0	1.0	2.0	0.0	0.0	0.0	2.0	0.0	1.0	0.0	0.0	0.0	0.0	
chr2.trna11	12.0	25.0	47.0	57.0	22.0	26.0	5.0	10.0	76.0	10.0	17.0	8.0	12.0	16.0	1.0	16.0	13.0	8.0	17.0	6.0	11.0	7.0	10.0	8.0	25.0	6.0	39.0	16.0	3.0	16.0	15.0	11.0	9.0	26.0	54.0	6.0	30.0	18.0	19.0	10.0	
chr1.trna8	0.0	0.0	0.0	0.0	0.0	0.0	1.0	0.0	0.0	0.0	0.0	0.0	0.0	0.0	0.0	1.0	0.0	0.0	0.0	0.0	0.0	0.0	0.0	0.0	0.0	0.0	0.0	0.0	0.0	0.0	0.0	0.0	0.0	0.0	0.0	0.0	0.0	0.0	0.0	0.0	
